2023-12-08 14:31:39,346 - INFO - Processing dataset: /home/centor.ulaval.ca/ghafomoh/Downloads/ADM-7900/Datasets/TSPLIB/ALL_tsp/ch130.tsp
2023-12-08 14:31:39,438 - INFO - nitial Tour: [0, 19, 1, 117, 89, 46, 96, 16, 45, 65, 26, 48, 97, 30, 2, 122, 41, 106, 25, 92, 73, 29, 59, 4, 127, 82, 128, 24, 18, 116, 120, 119, 8, 22, 86, 85, 38, 95, 55, 23, 123, 21, 6, 88, 102, 13, 63, 15, 58, 34, 12, 71, 118, 9, 32, 75, 61, 14, 125, 112, 3, 60, 36, 17, 91, 99, 98, 69, 53, 10, 40, 129, 83, 27, 110, 94, 74, 93, 39, 104, 78, 107, 108, 50, 7, 80, 43, 20, 44, 56, 28, 111, 37, 101, 33, 114, 76, 103, 31, 113, 68, 66, 100, 52, 105, 72, 62, 57, 109, 11, 51, 115, 90, 5, 49, 67, 81, 121, 42, 79, 54, 84, 124, 35, 47, 126, 70, 77, 87, 64, 0]
2023-12-08 14:31:39,438 - INFO - Tour after Removal: [0, 19, 1, 117, 89, 46, 16, 45, 65, 26, 48, 97, 30, 2, 122, 41, 106, 25, 92, 73, 29, 59, 4, 127, 82, 128, 24, 18, 116, 120, 119, 8, 22, 86, 85, 38, 95, 55, 23, 123, 21, 6, 88, 102, 13, 63, 15, 58, 34, 12, 71, 118, 9, 32, 75, 61, 14, 125, 112, 3, 60, 36, 17, 91, 99, 98, 69, 53, 10, 40, 129, 83, 27, 110, 94, 74, 93, 39, 104, 78, 107, 108, 50, 7, 80, 43, 20, 44, 56, 28, 111, 37, 101, 33, 114, 76, 103, 31, 113, 68, 66, 100, 52, 105, 72, 62, 57, 109, 11, 51, 115, 90, 5, 49, 67, 81, 121, 42, 79, 54, 84, 124, 35, 47, 126, 70, 77, 87, 64, 0], Removed Nodes: [96]
2023-12-08 14:31:39,439 - INFO - Tour after Insertion: [0, 19, 1, 117, 89, 46, 16, 45, 65, 26, 48, 97, 30, 2, 122, 41, 106, 25, 92, 73, 29, 59, 4, 127, 82, 128, 24, 18, 116, 120, 119, 8, 22, 86, 96, 85, 38, 95, 55, 23, 123, 21, 6, 88, 102, 13, 63, 15, 58, 34, 12, 71, 118, 9, 32, 75, 61, 14, 125, 112, 3, 60, 36, 17, 91, 99, 98, 69, 53, 10, 40, 129, 83, 27, 110, 94, 74, 93, 39, 104, 78, 107, 108, 50, 7, 80, 43, 20, 44, 56, 28, 111, 37, 101, 33, 114, 76, 103, 31, 113, 68, 66, 100, 52, 105, 72, 62, 57, 109, 11, 51, 115, 90, 5, 49, 67, 81, 121, 42, 79, 54, 84, 124, 35, 47, 126, 70, 77, 87, 64, 0]
2023-12-08 14:31:39,440 - INFO - Length of Current Tour: 46579
2023-12-08 14:31:39,440 - INFO - New Best Tour Found: [0, 19, 1, 117, 89, 46, 16, 45, 65, 26, 48, 97, 30, 2, 122, 41, 106, 25, 92, 73, 29, 59, 4, 127, 82, 128, 24, 18, 116, 120, 119, 8, 22, 86, 96, 85, 38, 95, 55, 23, 123, 21, 6, 88, 102, 13, 63, 15, 58, 34, 12, 71, 118, 9, 32, 75, 61, 14, 125, 112, 3, 60, 36, 17, 91, 99, 98, 69, 53, 10, 40, 129, 83, 27, 110, 94, 74, 93, 39, 104, 78, 107, 108, 50, 7, 80, 43, 20, 44, 56, 28, 111, 37, 101, 33, 114, 76, 103, 31, 113, 68, 66, 100, 52, 105, 72, 62, 57, 109, 11, 51, 115, 90, 5, 49, 67, 81, 121, 42, 79, 54, 84, 124, 35, 47, 126, 70, 77, 87, 64, 0], Length: 46579
2023-12-08 14:31:39,441 - INFO - Updated score for Randomized_Heuristics: 0.9
2023-12-08 14:31:39,441 - INFO - Updated score for Random_Removal: 0.9
2023-12-08 14:31:39,442 - INFO - Updated score for Regret_3_Heuristic: 0.9
2023-12-08 14:31:39,442 - INFO - 
2023-12-08 14:31:39,443 - INFO - Iteration 1: Length of Tour = 46579
2023-12-08 14:31:39,443 - INFO - Best Tour: = [0, 19, 1, 117, 89, 46, 16, 45, 65, 26, 48, 97, 30, 2, 122, 41, 106, 25, 92, 73, 29, 59, 4, 127, 82, 128, 24, 18, 116, 120, 119, 8, 22, 86, 96, 85, 38, 95, 55, 23, 123, 21, 6, 88, 102, 13, 63, 15, 58, 34, 12, 71, 118, 9, 32, 75, 61, 14, 125, 112, 3, 60, 36, 17, 91, 99, 98, 69, 53, 10, 40, 129, 83, 27, 110, 94, 74, 93, 39, 104, 78, 107, 108, 50, 7, 80, 43, 20, 44, 56, 28, 111, 37, 101, 33, 114, 76, 103, 31, 113, 68, 66, 100, 52, 105, 72, 62, 57, 109, 11, 51, 115, 90, 5, 49, 67, 81, 121, 42, 79, 54, 84, 124, 35, 47, 126, 70, 77, 87, 64, 0]
2023-12-08 14:31:39,443 - INFO - Length of Best Tour: = 46579
2023-12-08 14:31:39,698 - INFO - nitial Tour: [0, 129, 118, 126, 106, 103, 101, 121, 95, 105, 89, 100, 86, 109, 85, 84, 80, 94, 78, 123, 77, 125, 74, 111, 73, 93, 72, 76, 68, 127, 67, 113, 66, 83, 64, 79, 63, 128, 61, 96, 60, 92, 58, 70, 57, 112, 56, 102, 54, 88, 52, 124, 51, 97, 49, 50, 45, 114, 44, 120, 43, 122, 42, 116, 39, 46, 38, 91, 37, 69, 36, 55, 35, 104, 34, 110, 33, 71, 32, 82, 31, 30, 65, 28, 41, 26, 25, 23, 99, 21, 40, 20, 62, 19, 27, 18, 90, 17, 115, 16, 107, 15, 75, 14, 48, 13, 119, 12, 87, 11, 98, 10, 117, 9, 53, 8, 24, 7, 22, 6, 29, 5, 47, 4, 59, 3, 108, 2, 81, 1, 0]
2023-12-08 14:31:39,699 - INFO - Tour after Removal: [0, 129, 118, 126, 106, 101, 121, 95, 105, 89, 100, 86, 109, 85, 84, 80, 94, 78, 123, 77, 125, 74, 111, 73, 93, 72, 76, 68, 127, 67, 113, 66, 83, 64, 79, 63, 128, 61, 96, 60, 92, 58, 70, 57, 112, 56, 102, 54, 88, 52, 124, 51, 97, 49, 50, 45, 114, 44, 120, 43, 122, 42, 116, 39, 46, 38, 91, 37, 69, 36, 55, 35, 104, 34, 110, 33, 71, 32, 82, 31, 30, 65, 28, 41, 26, 25, 23, 99, 21, 40, 20, 62, 19, 27, 18, 90, 17, 115, 16, 107, 15, 75, 14, 48, 13, 119, 12, 87, 11, 98, 10, 117, 9, 53, 8, 24, 7, 22, 6, 29, 5, 47, 4, 59, 3, 108, 2, 81, 1, 0], Removed Nodes: [103]
2023-12-08 14:31:39,701 - INFO - Tour after Insertion: [0, 129, 118, 126, 106, 101, 121, 95, 105, 89, 100, 86, 109, 85, 84, 80, 94, 78, 123, 77, 125, 74, 111, 73, 93, 72, 76, 68, 127, 67, 113, 66, 83, 64, 79, 63, 128, 61, 96, 60, 92, 58, 70, 57, 112, 56, 102, 54, 88, 52, 124, 51, 97, 49, 50, 45, 114, 44, 120, 43, 122, 42, 116, 39, 46, 38, 91, 37, 69, 36, 55, 35, 104, 34, 110, 33, 71, 32, 82, 31, 30, 65, 28, 41, 26, 103, 25, 23, 99, 21, 40, 20, 62, 19, 27, 18, 90, 17, 115, 16, 107, 15, 75, 14, 48, 13, 119, 12, 87, 11, 98, 10, 117, 9, 53, 8, 24, 7, 22, 6, 29, 5, 47, 4, 59, 3, 108, 2, 81, 1, 0]
2023-12-08 14:31:39,701 - INFO - Length of Current Tour: 45479
2023-12-08 14:31:39,702 - INFO - New Best Tour Found: [0, 129, 118, 126, 106, 101, 121, 95, 105, 89, 100, 86, 109, 85, 84, 80, 94, 78, 123, 77, 125, 74, 111, 73, 93, 72, 76, 68, 127, 67, 113, 66, 83, 64, 79, 63, 128, 61, 96, 60, 92, 58, 70, 57, 112, 56, 102, 54, 88, 52, 124, 51, 97, 49, 50, 45, 114, 44, 120, 43, 122, 42, 116, 39, 46, 38, 91, 37, 69, 36, 55, 35, 104, 34, 110, 33, 71, 32, 82, 31, 30, 65, 28, 41, 26, 103, 25, 23, 99, 21, 40, 20, 62, 19, 27, 18, 90, 17, 115, 16, 107, 15, 75, 14, 48, 13, 119, 12, 87, 11, 98, 10, 117, 9, 53, 8, 24, 7, 22, 6, 29, 5, 47, 4, 59, 3, 108, 2, 81, 1, 0], Length: 45479
2023-12-08 14:31:39,702 - INFO - Updated score for Christofides_Algorithm: 0.9
2023-12-08 14:31:39,702 - INFO - Updated score for Worst_Removal: 0.9
2023-12-08 14:31:39,703 - INFO - Updated score for Greedy_Insertion: 0.9
2023-12-08 14:31:39,703 - INFO - 
2023-12-08 14:31:39,704 - INFO - Iteration 2: Length of Tour = 45479
2023-12-08 14:31:39,704 - INFO - Best Tour: = [0, 129, 118, 126, 106, 101, 121, 95, 105, 89, 100, 86, 109, 85, 84, 80, 94, 78, 123, 77, 125, 74, 111, 73, 93, 72, 76, 68, 127, 67, 113, 66, 83, 64, 79, 63, 128, 61, 96, 60, 92, 58, 70, 57, 112, 56, 102, 54, 88, 52, 124, 51, 97, 49, 50, 45, 114, 44, 120, 43, 122, 42, 116, 39, 46, 38, 91, 37, 69, 36, 55, 35, 104, 34, 110, 33, 71, 32, 82, 31, 30, 65, 28, 41, 26, 103, 25, 23, 99, 21, 40, 20, 62, 19, 27, 18, 90, 17, 115, 16, 107, 15, 75, 14, 48, 13, 119, 12, 87, 11, 98, 10, 117, 9, 53, 8, 24, 7, 22, 6, 29, 5, 47, 4, 59, 3, 108, 2, 81, 1, 0]
2023-12-08 14:31:39,705 - INFO - Length of Best Tour: = 45479
2023-12-08 14:31:40,583 - INFO - nitial Tour: [0, 15, 44, 4, 10, 75, 108, 60, 128, 123, 63, 68, 85, 87, 25, 96, 6, 69, 126, 106, 103, 42, 62, 67, 47, 24, 97, 109, 88, 18, 26, 33, 16, 30, 99, 14, 23, 115, 78, 94, 28, 93, 112, 31, 35, 83, 118, 110, 122, 100, 81, 56, 8, 55, 11, 86, 80, 76, 102, 64, 51, 74, 73, 98, 72, 91, 37, 105, 57, 48, 71, 90, 5, 101, 119, 52, 3, 41, 43, 50, 59, 54, 121, 39, 46, 92, 36, 21, 22, 9, 13, 95, 66, 12, 32, 20, 120, 77, 58, 125, 45, 79, 117, 53, 34, 19, 17, 7, 107, 113, 2, 29, 89, 124, 84, 65, 27, 114, 82, 116, 111, 61, 104, 127, 38, 70, 49, 1, 129, 40, 0]
2023-12-08 14:31:40,583 - INFO - Tour after Removal: [0, 15, 44, 4, 10, 75, 108, 60, 123, 63, 68, 85, 87, 25, 96, 6, 69, 126, 106, 103, 42, 62, 67, 47, 24, 97, 109, 88, 18, 26, 33, 16, 30, 99, 14, 23, 115, 78, 94, 28, 93, 112, 31, 35, 83, 118, 110, 122, 100, 81, 56, 8, 55, 11, 86, 80, 76, 102, 64, 51, 74, 73, 98, 72, 91, 37, 105, 57, 48, 71, 90, 5, 101, 119, 52, 3, 41, 43, 50, 59, 54, 121, 39, 46, 92, 36, 21, 22, 9, 13, 95, 66, 12, 32, 20, 120, 77, 58, 125, 45, 79, 117, 53, 34, 19, 17, 7, 107, 113, 2, 29, 89, 124, 84, 65, 27, 114, 82, 116, 111, 61, 104, 127, 38, 70, 49, 1, 129, 40, 0], Removed Nodes: [128]
2023-12-08 14:31:40,584 - INFO - Tour after Insertion: [0, 15, 44, 4, 10, 75, 108, 60, 123, 63, 68, 85, 87, 25, 96, 6, 69, 126, 106, 103, 42, 62, 67, 47, 24, 97, 109, 88, 18, 26, 33, 16, 30, 99, 14, 23, 115, 78, 94, 28, 93, 112, 31, 35, 83, 118, 110, 122, 100, 81, 128, 56, 8, 55, 11, 86, 80, 76, 102, 64, 51, 74, 73, 98, 72, 91, 37, 105, 57, 48, 71, 90, 5, 101, 119, 52, 3, 41, 43, 50, 59, 54, 121, 39, 46, 92, 36, 21, 22, 9, 13, 95, 66, 12, 32, 20, 120, 77, 58, 125, 45, 79, 117, 53, 34, 19, 17, 7, 107, 113, 2, 29, 89, 124, 84, 65, 27, 114, 82, 116, 111, 61, 104, 127, 38, 70, 49, 1, 129, 40, 0]
2023-12-08 14:31:40,585 - INFO - Length of Current Tour: 8063
2023-12-08 14:31:40,585 - INFO - New Best Tour Found: [0, 15, 44, 4, 10, 75, 108, 60, 123, 63, 68, 85, 87, 25, 96, 6, 69, 126, 106, 103, 42, 62, 67, 47, 24, 97, 109, 88, 18, 26, 33, 16, 30, 99, 14, 23, 115, 78, 94, 28, 93, 112, 31, 35, 83, 118, 110, 122, 100, 81, 128, 56, 8, 55, 11, 86, 80, 76, 102, 64, 51, 74, 73, 98, 72, 91, 37, 105, 57, 48, 71, 90, 5, 101, 119, 52, 3, 41, 43, 50, 59, 54, 121, 39, 46, 92, 36, 21, 22, 9, 13, 95, 66, 12, 32, 20, 120, 77, 58, 125, 45, 79, 117, 53, 34, 19, 17, 7, 107, 113, 2, 29, 89, 124, 84, 65, 27, 114, 82, 116, 111, 61, 104, 127, 38, 70, 49, 1, 129, 40, 0], Length: 8063
2023-12-08 14:31:40,586 - INFO - Updated score for Farthest_Insertion: 0.9
2023-12-08 14:31:40,586 - INFO - Updated score for Random_Removal: 0.8
2023-12-08 14:31:40,587 - INFO - Updated score for Random_Insertion: 0.9
2023-12-08 14:31:40,587 - INFO - 
2023-12-08 14:31:40,588 - INFO - Iteration 3: Length of Tour = 8063
2023-12-08 14:31:40,588 - INFO - Best Tour: = [0, 15, 44, 4, 10, 75, 108, 60, 123, 63, 68, 85, 87, 25, 96, 6, 69, 126, 106, 103, 42, 62, 67, 47, 24, 97, 109, 88, 18, 26, 33, 16, 30, 99, 14, 23, 115, 78, 94, 28, 93, 112, 31, 35, 83, 118, 110, 122, 100, 81, 128, 56, 8, 55, 11, 86, 80, 76, 102, 64, 51, 74, 73, 98, 72, 91, 37, 105, 57, 48, 71, 90, 5, 101, 119, 52, 3, 41, 43, 50, 59, 54, 121, 39, 46, 92, 36, 21, 22, 9, 13, 95, 66, 12, 32, 20, 120, 77, 58, 125, 45, 79, 117, 53, 34, 19, 17, 7, 107, 113, 2, 29, 89, 124, 84, 65, 27, 114, 82, 116, 111, 61, 104, 127, 38, 70, 49, 1, 129, 40, 0]
2023-12-08 14:31:40,589 - INFO - Length of Best Tour: = 8063
2023-12-08 14:31:40,589 - INFO - nitial Tour: [0, 122, 58, 26, 24, 105, 3, 43, 126, 77, 115, 7, 98, 88, 17, 82, 110, 23, 19, 124, 65, 76, 33, 20, 69, 85, 68, 49, 125, 92, 73, 63, 8, 75, 123, 34, 6, 59, 79, 70, 4, 12, 14, 53, 74, 22, 21, 93, 127, 40, 45, 16, 119, 96, 36, 94, 10, 71, 128, 97, 121, 84, 67, 47, 50, 78, 25, 118, 15, 62, 64, 13, 18, 102, 61, 1, 99, 2, 109, 46, 89, 41, 116, 32, 106, 52, 38, 104, 11, 87, 113, 112, 101, 107, 72, 91, 111, 27, 80, 9, 44, 117, 60, 31, 56, 129, 81, 57, 83, 55, 35, 86, 51, 37, 100, 30, 29, 42, 28, 108, 114, 90, 103, 48, 54, 66, 39, 5, 120, 95, 0]
2023-12-08 14:31:40,590 - INFO - Tour after Removal: [0, 122, 58, 26, 24, 105, 3, 43, 126, 77, 115, 7, 98, 88, 17, 82, 110, 23, 19, 124, 76, 33, 20, 69, 85, 68, 49, 125, 92, 73, 63, 8, 75, 123, 34, 6, 59, 79, 70, 4, 12, 14, 53, 74, 22, 21, 93, 127, 40, 45, 16, 119, 96, 36, 94, 10, 71, 128, 97, 121, 84, 67, 47, 50, 78, 25, 118, 15, 62, 64, 13, 18, 102, 61, 1, 99, 2, 109, 46, 89, 41, 116, 32, 106, 52, 38, 104, 11, 87, 113, 112, 101, 107, 72, 91, 111, 27, 80, 9, 44, 117, 60, 31, 56, 129, 81, 57, 83, 55, 35, 86, 51, 37, 100, 30, 29, 42, 28, 108, 114, 90, 103, 48, 54, 66, 39, 5, 120, 95, 0], Removed Nodes: [65]
2023-12-08 14:31:40,592 - INFO - Tour after Insertion: [0, 122, 58, 26, 24, 105, 3, 43, 126, 77, 115, 7, 98, 88, 17, 82, 110, 23, 19, 124, 76, 33, 20, 69, 85, 68, 49, 125, 92, 73, 63, 8, 75, 123, 34, 6, 59, 79, 70, 4, 12, 14, 53, 74, 22, 21, 93, 127, 40, 45, 16, 119, 96, 36, 94, 10, 71, 128, 97, 121, 65, 84, 67, 47, 50, 78, 25, 118, 15, 62, 64, 13, 18, 102, 61, 1, 99, 2, 109, 46, 89, 41, 116, 32, 106, 52, 38, 104, 11, 87, 113, 112, 101, 107, 72, 91, 111, 27, 80, 9, 44, 117, 60, 31, 56, 129, 81, 57, 83, 55, 35, 86, 51, 37, 100, 30, 29, 42, 28, 108, 114, 90, 103, 48, 54, 66, 39, 5, 120, 95, 0]
2023-12-08 14:31:40,593 - INFO - Length of Current Tour: 46716
2023-12-08 14:31:40,593 - INFO - No improvement in this iteration.
2023-12-08 14:31:40,593 - INFO - Updated score for Randomized_Heuristics: 0.8
2023-12-08 14:31:40,593 - INFO - Updated score for Worst_Removal: 0.8
2023-12-08 14:31:40,594 - INFO - Updated score for Regret_2_Heuristic: 0.9
2023-12-08 14:31:40,594 - INFO - 
2023-12-08 14:31:40,595 - INFO - Iteration 4: Length of Tour = 46716
2023-12-08 14:31:40,595 - INFO - Best Tour: = [0, 15, 44, 4, 10, 75, 108, 60, 123, 63, 68, 85, 87, 25, 96, 6, 69, 126, 106, 103, 42, 62, 67, 47, 24, 97, 109, 88, 18, 26, 33, 16, 30, 99, 14, 23, 115, 78, 94, 28, 93, 112, 31, 35, 83, 118, 110, 122, 100, 81, 128, 56, 8, 55, 11, 86, 80, 76, 102, 64, 51, 74, 73, 98, 72, 91, 37, 105, 57, 48, 71, 90, 5, 101, 119, 52, 3, 41, 43, 50, 59, 54, 121, 39, 46, 92, 36, 21, 22, 9, 13, 95, 66, 12, 32, 20, 120, 77, 58, 125, 45, 79, 117, 53, 34, 19, 17, 7, 107, 113, 2, 29, 89, 124, 84, 65, 27, 114, 82, 116, 111, 61, 104, 127, 38, 70, 49, 1, 129, 40, 0]
2023-12-08 14:31:40,596 - INFO - Length of Best Tour: = 8063
2023-12-08 14:31:40,806 - INFO - nitial Tour: [0, 1, 2, 3, 4, 5, 6, 7, 8, 9, 10, 11, 12, 13, 14, 15, 16, 17, 18, 19, 20, 21, 22, 23, 24, 25, 26, 27, 28, 29, 30, 31, 32, 33, 34, 35, 36, 37, 38, 39, 40, 41, 42, 43, 44, 45, 46, 47, 48, 49, 50, 51, 52, 53, 54, 55, 56, 57, 58, 59, 60, 61, 62, 63, 64, 65, 66, 67, 68, 69, 70, 71, 72, 73, 74, 75, 76, 77, 78, 79, 80, 81, 82, 83, 84, 85, 86, 87, 88, 89, 90, 91, 92, 93, 94, 95, 96, 97, 98, 99, 100, 101, 102, 103, 104, 105, 106, 107, 108, 109, 110, 111, 112, 113, 114, 115, 116, 117, 118, 119, 120, 121, 122, 123, 124, 125, 126, 127, 128, 129, 0]
2023-12-08 14:31:40,806 - INFO - Tour after Removal: [0, 1, 2, 3, 4, 5, 6, 7, 8, 9, 10, 11, 12, 13, 14, 15, 16, 17, 18, 19, 20, 21, 22, 23, 24, 25, 26, 27, 28, 29, 30, 31, 32, 33, 34, 35, 36, 37, 38, 39, 40, 41, 42, 43, 44, 45, 46, 47, 48, 49, 50, 51, 52, 53, 54, 55, 56, 57, 58, 59, 60, 61, 62, 63, 64, 65, 66, 67, 68, 69, 70, 71, 72, 73, 74, 75, 76, 77, 78, 79, 80, 81, 82, 83, 84, 85, 86, 87, 88, 89, 90, 91, 92, 93, 94, 95, 96, 97, 98, 100, 101, 102, 103, 104, 105, 106, 107, 108, 109, 110, 111, 112, 113, 114, 115, 116, 117, 118, 119, 120, 121, 122, 123, 124, 125, 126, 127, 128, 129, 0], Removed Nodes: [99]
2023-12-08 14:31:40,808 - INFO - Tour after Insertion: [0, 1, 2, 3, 4, 5, 6, 7, 8, 9, 10, 99, 11, 12, 13, 14, 15, 16, 17, 18, 19, 20, 21, 22, 23, 24, 25, 26, 27, 28, 29, 30, 31, 32, 33, 34, 35, 36, 37, 38, 39, 40, 41, 42, 43, 44, 45, 46, 47, 48, 49, 50, 51, 52, 53, 54, 55, 56, 57, 58, 59, 60, 61, 62, 63, 64, 65, 66, 67, 68, 69, 70, 71, 72, 73, 74, 75, 76, 77, 78, 79, 80, 81, 82, 83, 84, 85, 86, 87, 88, 89, 90, 91, 92, 93, 94, 95, 96, 97, 98, 100, 101, 102, 103, 104, 105, 106, 107, 108, 109, 110, 111, 112, 113, 114, 115, 116, 117, 118, 119, 120, 121, 122, 123, 124, 125, 126, 127, 128, 129, 0]
2023-12-08 14:31:40,809 - INFO - Length of Current Tour: 47424
2023-12-08 14:31:40,809 - INFO - No improvement in this iteration.
2023-12-08 14:31:40,810 - INFO - Updated score for Minimum_Spanning_Tree_MST_Based_Heuristic: 0.9
2023-12-08 14:31:40,810 - INFO - Updated score for Random_Removal: 0.7000000000000001
2023-12-08 14:31:40,810 - INFO - Updated score for Nearest_Insertion: 0.9
2023-12-08 14:31:40,811 - INFO - 
2023-12-08 14:31:40,811 - INFO - Iteration 5: Length of Tour = 47424
2023-12-08 14:31:40,812 - INFO - Best Tour: = [0, 15, 44, 4, 10, 75, 108, 60, 123, 63, 68, 85, 87, 25, 96, 6, 69, 126, 106, 103, 42, 62, 67, 47, 24, 97, 109, 88, 18, 26, 33, 16, 30, 99, 14, 23, 115, 78, 94, 28, 93, 112, 31, 35, 83, 118, 110, 122, 100, 81, 128, 56, 8, 55, 11, 86, 80, 76, 102, 64, 51, 74, 73, 98, 72, 91, 37, 105, 57, 48, 71, 90, 5, 101, 119, 52, 3, 41, 43, 50, 59, 54, 121, 39, 46, 92, 36, 21, 22, 9, 13, 95, 66, 12, 32, 20, 120, 77, 58, 125, 45, 79, 117, 53, 34, 19, 17, 7, 107, 113, 2, 29, 89, 124, 84, 65, 27, 114, 82, 116, 111, 61, 104, 127, 38, 70, 49, 1, 129, 40, 0]
2023-12-08 14:31:40,812 - INFO - Length of Best Tour: = 8063
2023-12-08 14:31:41,030 - INFO - nitial Tour: [0, 1, 2, 3, 4, 5, 6, 7, 8, 9, 10, 11, 12, 13, 14, 15, 16, 17, 18, 19, 20, 21, 22, 23, 24, 25, 26, 27, 28, 29, 30, 31, 32, 33, 34, 35, 36, 37, 38, 39, 40, 41, 42, 43, 44, 45, 46, 47, 48, 49, 50, 51, 52, 53, 54, 55, 56, 57, 58, 59, 60, 61, 62, 63, 64, 65, 66, 67, 68, 69, 70, 71, 72, 73, 74, 75, 76, 77, 78, 79, 80, 81, 82, 83, 84, 85, 86, 87, 88, 89, 90, 91, 92, 93, 94, 95, 96, 97, 98, 99, 100, 101, 102, 103, 104, 105, 106, 107, 108, 109, 110, 111, 112, 113, 114, 115, 116, 117, 118, 119, 120, 121, 122, 123, 124, 125, 126, 127, 128, 129, 0]
2023-12-08 14:31:41,030 - INFO - Tour after Removal: [0, 1, 2, 3, 4, 5, 6, 7, 8, 9, 10, 11, 12, 13, 14, 15, 16, 17, 18, 19, 20, 21, 22, 23, 24, 25, 26, 27, 28, 29, 30, 31, 32, 33, 34, 35, 36, 37, 38, 39, 40, 41, 42, 43, 44, 45, 46, 47, 48, 49, 50, 51, 52, 53, 54, 55, 56, 57, 58, 59, 60, 61, 63, 64, 65, 66, 67, 68, 69, 70, 71, 72, 73, 74, 75, 76, 77, 78, 79, 80, 81, 82, 83, 84, 85, 86, 87, 88, 89, 90, 91, 92, 93, 94, 95, 96, 97, 98, 99, 100, 101, 102, 103, 104, 105, 106, 107, 108, 109, 110, 111, 112, 113, 114, 115, 116, 117, 118, 119, 120, 121, 122, 123, 124, 125, 126, 127, 128, 129, 0], Removed Nodes: [62]
2023-12-08 14:31:41,032 - INFO - Tour after Insertion: [0, 1, 2, 3, 4, 5, 6, 7, 8, 9, 10, 11, 12, 13, 14, 15, 16, 17, 18, 19, 20, 21, 22, 23, 24, 25, 26, 27, 28, 29, 30, 31, 32, 33, 34, 35, 36, 37, 38, 39, 40, 41, 42, 43, 44, 45, 46, 47, 48, 49, 50, 51, 52, 53, 54, 55, 56, 57, 58, 59, 60, 61, 63, 64, 65, 66, 67, 68, 69, 70, 71, 72, 73, 74, 75, 76, 77, 78, 79, 80, 81, 82, 83, 84, 85, 86, 87, 88, 89, 90, 91, 92, 93, 94, 95, 96, 62, 97, 98, 99, 100, 101, 102, 103, 104, 105, 106, 107, 108, 109, 110, 111, 112, 113, 114, 115, 116, 117, 118, 119, 120, 121, 122, 123, 124, 125, 126, 127, 128, 129, 0]
2023-12-08 14:31:41,033 - INFO - Length of Current Tour: 47496
2023-12-08 14:31:41,033 - INFO - No improvement in this iteration.
2023-12-08 14:31:41,034 - INFO - Updated score for Minimum_Spanning_Tree_MST_Based_Heuristic: 0.8
2023-12-08 14:31:41,034 - INFO - Updated score for Random_Removal: 0.6000000000000001
2023-12-08 14:31:41,035 - INFO - Updated score for Basic_Insertion: 0.9
2023-12-08 14:31:41,035 - INFO - 
2023-12-08 14:31:41,036 - INFO - Iteration 6: Length of Tour = 47496
2023-12-08 14:31:41,036 - INFO - Best Tour: = [0, 15, 44, 4, 10, 75, 108, 60, 123, 63, 68, 85, 87, 25, 96, 6, 69, 126, 106, 103, 42, 62, 67, 47, 24, 97, 109, 88, 18, 26, 33, 16, 30, 99, 14, 23, 115, 78, 94, 28, 93, 112, 31, 35, 83, 118, 110, 122, 100, 81, 128, 56, 8, 55, 11, 86, 80, 76, 102, 64, 51, 74, 73, 98, 72, 91, 37, 105, 57, 48, 71, 90, 5, 101, 119, 52, 3, 41, 43, 50, 59, 54, 121, 39, 46, 92, 36, 21, 22, 9, 13, 95, 66, 12, 32, 20, 120, 77, 58, 125, 45, 79, 117, 53, 34, 19, 17, 7, 107, 113, 2, 29, 89, 124, 84, 65, 27, 114, 82, 116, 111, 61, 104, 127, 38, 70, 49, 1, 129, 40, 0]
2023-12-08 14:31:41,036 - INFO - Length of Best Tour: = 8063
2023-12-08 14:31:41,904 - INFO - nitial Tour: [0, 15, 44, 4, 10, 75, 108, 60, 128, 123, 63, 68, 85, 87, 25, 96, 6, 69, 126, 106, 103, 42, 62, 67, 47, 24, 97, 109, 88, 18, 26, 33, 16, 30, 99, 14, 23, 115, 78, 94, 28, 93, 112, 31, 35, 83, 118, 110, 122, 100, 81, 56, 8, 55, 11, 86, 80, 76, 102, 64, 51, 74, 73, 98, 72, 91, 37, 105, 57, 48, 71, 90, 5, 101, 119, 52, 3, 41, 43, 50, 59, 54, 121, 39, 46, 92, 36, 21, 22, 9, 13, 95, 66, 12, 32, 20, 120, 77, 58, 125, 45, 79, 117, 53, 34, 19, 17, 7, 107, 113, 2, 29, 89, 124, 84, 65, 27, 114, 82, 116, 111, 61, 104, 127, 38, 70, 49, 1, 129, 40, 0]
2023-12-08 14:31:41,904 - INFO - Tour after Removal: [0, 15, 44, 4, 10, 75, 108, 60, 128, 123, 63, 68, 85, 87, 96, 6, 69, 126, 106, 103, 42, 62, 67, 47, 24, 97, 109, 88, 18, 26, 33, 16, 30, 99, 14, 23, 115, 78, 94, 28, 93, 112, 31, 35, 83, 118, 110, 122, 100, 81, 56, 8, 55, 11, 86, 80, 76, 102, 64, 51, 74, 73, 98, 72, 91, 37, 105, 57, 48, 71, 90, 5, 101, 119, 52, 3, 41, 43, 50, 59, 54, 121, 39, 46, 92, 36, 21, 22, 9, 13, 95, 66, 12, 32, 20, 120, 77, 58, 125, 45, 79, 117, 53, 34, 19, 17, 7, 107, 113, 2, 29, 89, 124, 84, 65, 27, 114, 82, 116, 111, 61, 104, 127, 38, 70, 49, 1, 129, 40, 0], Removed Nodes: [25]
2023-12-08 14:31:41,906 - INFO - Tour after Insertion: [0, 15, 44, 4, 10, 75, 108, 60, 128, 123, 63, 68, 85, 87, 25, 96, 6, 69, 126, 106, 103, 42, 62, 67, 47, 24, 97, 109, 88, 18, 26, 33, 16, 30, 99, 14, 23, 115, 78, 94, 28, 93, 112, 31, 35, 83, 118, 110, 122, 100, 81, 56, 8, 55, 11, 86, 80, 76, 102, 64, 51, 74, 73, 98, 72, 91, 37, 105, 57, 48, 71, 90, 5, 101, 119, 52, 3, 41, 43, 50, 59, 54, 121, 39, 46, 92, 36, 21, 22, 9, 13, 95, 66, 12, 32, 20, 120, 77, 58, 125, 45, 79, 117, 53, 34, 19, 17, 7, 107, 113, 2, 29, 89, 124, 84, 65, 27, 114, 82, 116, 111, 61, 104, 127, 38, 70, 49, 1, 129, 40, 0]
2023-12-08 14:31:41,907 - INFO - Length of Current Tour: 6994
2023-12-08 14:31:41,907 - INFO - New Best Tour Found: [0, 15, 44, 4, 10, 75, 108, 60, 128, 123, 63, 68, 85, 87, 25, 96, 6, 69, 126, 106, 103, 42, 62, 67, 47, 24, 97, 109, 88, 18, 26, 33, 16, 30, 99, 14, 23, 115, 78, 94, 28, 93, 112, 31, 35, 83, 118, 110, 122, 100, 81, 56, 8, 55, 11, 86, 80, 76, 102, 64, 51, 74, 73, 98, 72, 91, 37, 105, 57, 48, 71, 90, 5, 101, 119, 52, 3, 41, 43, 50, 59, 54, 121, 39, 46, 92, 36, 21, 22, 9, 13, 95, 66, 12, 32, 20, 120, 77, 58, 125, 45, 79, 117, 53, 34, 19, 17, 7, 107, 113, 2, 29, 89, 124, 84, 65, 27, 114, 82, 116, 111, 61, 104, 127, 38, 70, 49, 1, 129, 40, 0], Length: 6994
2023-12-08 14:31:41,907 - INFO - Updated score for Farthest_Insertion: 0.8
2023-12-08 14:31:41,908 - INFO - Updated score for Random_Removal: 0.5000000000000001
2023-12-08 14:31:41,908 - INFO - Updated score for Best_Insertion: 0.9
2023-12-08 14:31:41,908 - INFO - 
2023-12-08 14:31:41,909 - INFO - Iteration 7: Length of Tour = 6994
2023-12-08 14:31:41,909 - INFO - Best Tour: = [0, 15, 44, 4, 10, 75, 108, 60, 128, 123, 63, 68, 85, 87, 25, 96, 6, 69, 126, 106, 103, 42, 62, 67, 47, 24, 97, 109, 88, 18, 26, 33, 16, 30, 99, 14, 23, 115, 78, 94, 28, 93, 112, 31, 35, 83, 118, 110, 122, 100, 81, 56, 8, 55, 11, 86, 80, 76, 102, 64, 51, 74, 73, 98, 72, 91, 37, 105, 57, 48, 71, 90, 5, 101, 119, 52, 3, 41, 43, 50, 59, 54, 121, 39, 46, 92, 36, 21, 22, 9, 13, 95, 66, 12, 32, 20, 120, 77, 58, 125, 45, 79, 117, 53, 34, 19, 17, 7, 107, 113, 2, 29, 89, 124, 84, 65, 27, 114, 82, 116, 111, 61, 104, 127, 38, 70, 49, 1, 129, 40, 0]
2023-12-08 14:31:41,909 - INFO - Length of Best Tour: = 6994
2023-12-08 14:31:42,129 - INFO - nitial Tour: [0, 117, 115, 126, 112, 124, 108, 114, 102, 113, 98, 110, 95, 104, 94, 123, 84, 122, 77, 106, 75, 99, 74, 125, 73, 81, 71, 129, 69, 66, 90, 65, 105, 61, 82, 60, 109, 59, 67, 58, 83, 57, 96, 54, 68, 53, 72, 51, 79, 50, 89, 49, 128, 47, 78, 46, 88, 45, 127, 43, 101, 42, 103, 41, 91, 40, 116, 39, 64, 37, 111, 34, 93, 33, 76, 32, 85, 31, 36, 29, 92, 28, 120, 27, 80, 26, 35, 24, 56, 23, 97, 22, 107, 21, 25, 20, 44, 19, 121, 17, 86, 16, 63, 15, 52, 14, 48, 12, 18, 11, 30, 10, 70, 9, 87, 8, 38, 7, 118, 6, 119, 5, 13, 4, 100, 3, 62, 2, 55, 1, 0]
2023-12-08 14:31:42,130 - INFO - Tour after Removal: [0, 117, 115, 126, 112, 124, 108, 114, 102, 113, 98, 110, 95, 104, 94, 123, 84, 122, 77, 106, 75, 99, 74, 125, 73, 81, 71, 129, 69, 66, 90, 65, 105, 61, 82, 60, 109, 59, 67, 58, 83, 57, 96, 54, 68, 53, 72, 51, 79, 50, 89, 49, 128, 47, 78, 46, 88, 45, 127, 43, 101, 42, 103, 41, 91, 40, 116, 39, 64, 37, 111, 93, 33, 76, 32, 85, 31, 36, 29, 92, 28, 120, 27, 80, 26, 35, 24, 56, 23, 97, 22, 107, 21, 25, 20, 44, 19, 121, 17, 86, 16, 63, 15, 52, 14, 48, 12, 18, 11, 30, 10, 70, 9, 87, 8, 38, 7, 118, 6, 119, 5, 13, 4, 100, 3, 62, 2, 55, 1, 0], Removed Nodes: {34}
2023-12-08 14:31:42,131 - INFO - Tour after Insertion: [0, 117, 115, 126, 112, 124, 108, 114, 102, 113, 98, 110, 95, 104, 94, 123, 84, 122, 77, 106, 75, 99, 74, 125, 73, 81, 71, 34, 129, 69, 66, 90, 65, 105, 61, 82, 60, 109, 59, 67, 58, 83, 57, 96, 54, 68, 53, 72, 51, 79, 50, 89, 49, 128, 47, 78, 46, 88, 45, 127, 43, 101, 42, 103, 41, 91, 40, 116, 39, 64, 37, 111, 93, 33, 76, 32, 85, 31, 36, 29, 92, 28, 120, 27, 80, 26, 35, 24, 56, 23, 97, 22, 107, 21, 25, 20, 44, 19, 121, 17, 86, 16, 63, 15, 52, 14, 48, 12, 18, 11, 30, 10, 70, 9, 87, 8, 38, 7, 118, 6, 119, 5, 13, 4, 100, 3, 62, 2, 55, 1, 0]
2023-12-08 14:31:42,132 - INFO - Length of Current Tour: 48480
2023-12-08 14:31:42,132 - INFO - No improvement in this iteration.
2023-12-08 14:31:42,133 - INFO - Updated score for Christofides_Algorithm: 0.8
2023-12-08 14:31:42,133 - INFO - Updated score for Shaw_Removal: 0.9
2023-12-08 14:31:42,135 - INFO - Updated score for Basic_Insertion: 0.8
2023-12-08 14:31:42,135 - INFO - 
2023-12-08 14:31:42,135 - INFO - Iteration 8: Length of Tour = 48480
2023-12-08 14:31:42,136 - INFO - Best Tour: = [0, 15, 44, 4, 10, 75, 108, 60, 128, 123, 63, 68, 85, 87, 25, 96, 6, 69, 126, 106, 103, 42, 62, 67, 47, 24, 97, 109, 88, 18, 26, 33, 16, 30, 99, 14, 23, 115, 78, 94, 28, 93, 112, 31, 35, 83, 118, 110, 122, 100, 81, 56, 8, 55, 11, 86, 80, 76, 102, 64, 51, 74, 73, 98, 72, 91, 37, 105, 57, 48, 71, 90, 5, 101, 119, 52, 3, 41, 43, 50, 59, 54, 121, 39, 46, 92, 36, 21, 22, 9, 13, 95, 66, 12, 32, 20, 120, 77, 58, 125, 45, 79, 117, 53, 34, 19, 17, 7, 107, 113, 2, 29, 89, 124, 84, 65, 27, 114, 82, 116, 111, 61, 104, 127, 38, 70, 49, 1, 129, 40, 0]
2023-12-08 14:31:42,136 - INFO - Length of Best Tour: = 6994
2023-12-08 14:31:44,600 - INFO - nitial Tour: [0, 1, 16, 33, 26, 18, 103, 126, 106, 42, 69, 96, 25, 6, 62, 67, 47, 24, 31, 83, 118, 35, 112, 97, 109, 88, 93, 76, 102, 80, 11, 86, 64, 55, 110, 122, 100, 81, 56, 8, 72, 51, 74, 73, 98, 91, 37, 14, 28, 23, 94, 78, 115, 99, 30, 53, 34, 3, 41, 105, 52, 57, 48, 71, 90, 119, 50, 59, 54, 5, 101, 9, 13, 66, 12, 95, 121, 43, 39, 46, 22, 36, 21, 92, 117, 19, 79, 45, 32, 20, 17, 7, 107, 125, 113, 120, 77, 65, 84, 89, 124, 58, 29, 82, 2, 116, 111, 114, 27, 61, 104, 127, 15, 44, 4, 10, 108, 60, 87, 85, 68, 63, 123, 128, 75, 49, 129, 70, 38, 40, 0]
2023-12-08 14:31:44,600 - INFO - Tour after Removal: [0, 1, 16, 33, 26, 18, 103, 126, 106, 42, 69, 96, 25, 6, 62, 67, 47, 24, 31, 83, 118, 35, 112, 97, 109, 88, 93, 76, 102, 80, 11, 86, 64, 55, 110, 122, 100, 81, 56, 8, 72, 51, 74, 73, 98, 91, 37, 14, 28, 23, 94, 78, 115, 99, 30, 53, 34, 3, 41, 105, 52, 57, 48, 71, 90, 119, 50, 59, 54, 5, 101, 9, 13, 66, 12, 95, 121, 43, 39, 46, 22, 36, 21, 92, 117, 19, 79, 45, 32, 20, 17, 7, 107, 125, 113, 120, 77, 65, 84, 89, 124, 58, 29, 82, 2, 116, 111, 114, 27, 61, 104, 127, 15, 44, 4, 10, 108, 60, 87, 85, 63, 123, 128, 75, 49, 129, 70, 38, 40, 0], Removed Nodes: {68}
2023-12-08 14:31:44,602 - INFO - Tour after Insertion: [0, 1, 16, 33, 26, 18, 103, 126, 106, 42, 69, 96, 25, 6, 62, 67, 47, 24, 31, 83, 118, 35, 112, 97, 109, 88, 93, 76, 102, 80, 11, 86, 64, 55, 110, 122, 100, 81, 56, 8, 72, 51, 74, 73, 98, 91, 37, 14, 28, 23, 94, 78, 115, 99, 30, 53, 34, 3, 41, 105, 52, 57, 48, 71, 90, 119, 50, 59, 54, 5, 101, 9, 13, 66, 12, 95, 121, 43, 39, 46, 22, 36, 21, 92, 117, 19, 79, 45, 32, 20, 17, 7, 107, 125, 113, 120, 77, 65, 84, 89, 124, 58, 29, 82, 2, 116, 111, 114, 27, 61, 104, 127, 15, 44, 4, 10, 108, 60, 87, 85, 68, 63, 123, 128, 75, 49, 129, 70, 38, 40, 0]
2023-12-08 14:31:44,603 - INFO - Length of Current Tour: 7301
2023-12-08 14:31:44,603 - INFO - No improvement in this iteration.
2023-12-08 14:31:44,603 - INFO - Updated score for Cheapest_Insertion_Ini: 0.9
2023-12-08 14:31:44,604 - INFO - Updated score for Shaw_Removal: 0.8
2023-12-08 14:31:44,604 - INFO - Updated score for Greedy_Insertion: 0.8
2023-12-08 14:31:44,605 - INFO - 
2023-12-08 14:31:44,605 - INFO - Iteration 9: Length of Tour = 7301
2023-12-08 14:31:44,635 - INFO - Best Tour: = [0, 15, 44, 4, 10, 75, 108, 60, 128, 123, 63, 68, 85, 87, 25, 96, 6, 69, 126, 106, 103, 42, 62, 67, 47, 24, 97, 109, 88, 18, 26, 33, 16, 30, 99, 14, 23, 115, 78, 94, 28, 93, 112, 31, 35, 83, 118, 110, 122, 100, 81, 56, 8, 55, 11, 86, 80, 76, 102, 64, 51, 74, 73, 98, 72, 91, 37, 105, 57, 48, 71, 90, 5, 101, 119, 52, 3, 41, 43, 50, 59, 54, 121, 39, 46, 92, 36, 21, 22, 9, 13, 95, 66, 12, 32, 20, 120, 77, 58, 125, 45, 79, 117, 53, 34, 19, 17, 7, 107, 113, 2, 29, 89, 124, 84, 65, 27, 114, 82, 116, 111, 61, 104, 127, 38, 70, 49, 1, 129, 40, 0]
2023-12-08 14:31:44,635 - INFO - Length of Best Tour: = 6994
2023-12-08 14:31:44,659 - INFO - nitial Tour: [0, 40, 38, 70, 129, 49, 1, 117, 79, 45, 19, 34, 53, 16, 30, 33, 26, 18, 99, 115, 23, 14, 28, 94, 78, 37, 105, 57, 48, 52, 119, 59, 50, 41, 43, 39, 46, 36, 21, 22, 121, 54, 13, 9, 66, 95, 12, 32, 20, 17, 7, 107, 113, 2, 82, 29, 58, 120, 77, 89, 124, 84, 65, 27, 114, 61, 104, 111, 116, 127, 15, 44, 75, 108, 60, 128, 123, 25, 96, 69, 6, 62, 67, 97, 109, 88, 93, 76, 102, 80, 11, 86, 64, 55, 56, 8, 51, 74, 73, 98, 72, 91, 71, 90, 5, 101, 92, 3, 125, 4, 10, 63, 68, 87, 85, 126, 106, 103, 42, 47, 24, 31, 112, 35, 83, 118, 110, 122, 100, 81, 0]
2023-12-08 14:31:44,659 - INFO - Tour after Removal: [0, 40, 38, 70, 129, 49, 1, 117, 79, 45, 19, 34, 53, 16, 30, 33, 26, 18, 99, 115, 14, 28, 94, 78, 37, 105, 57, 48, 52, 119, 59, 50, 41, 43, 39, 46, 36, 21, 22, 121, 54, 13, 9, 66, 95, 12, 32, 20, 17, 7, 107, 113, 2, 82, 29, 58, 120, 77, 89, 124, 84, 65, 27, 114, 61, 104, 111, 116, 127, 15, 44, 75, 108, 60, 128, 123, 25, 96, 69, 6, 62, 67, 97, 109, 88, 93, 76, 102, 80, 11, 86, 64, 55, 56, 8, 51, 74, 73, 98, 72, 91, 71, 90, 5, 101, 92, 3, 125, 4, 10, 63, 68, 87, 85, 126, 106, 103, 42, 47, 24, 31, 112, 35, 83, 118, 110, 122, 100, 81, 0], Removed Nodes: {23}
2023-12-08 14:31:44,661 - INFO - Tour after Insertion: [0, 40, 38, 70, 129, 49, 1, 117, 79, 45, 19, 34, 53, 16, 30, 33, 26, 18, 99, 115, 14, 28, 94, 78, 37, 105, 57, 48, 52, 119, 59, 50, 41, 43, 39, 46, 36, 21, 22, 121, 54, 13, 9, 66, 95, 12, 32, 20, 17, 7, 107, 113, 2, 82, 29, 58, 120, 77, 89, 124, 84, 65, 27, 114, 61, 104, 111, 116, 127, 15, 44, 75, 108, 60, 128, 123, 25, 96, 69, 6, 62, 67, 97, 109, 88, 93, 76, 102, 80, 11, 86, 64, 55, 56, 8, 51, 74, 73, 98, 72, 91, 71, 90, 5, 101, 92, 3, 125, 4, 10, 63, 68, 87, 85, 126, 106, 103, 42, 47, 24, 31, 112, 35, 83, 118, 110, 122, 100, 81, 23, 0]
2023-12-08 14:31:44,662 - INFO - Length of Current Tour: 7574
2023-12-08 14:31:44,662 - INFO - No improvement in this iteration.
2023-12-08 14:31:44,663 - INFO - Updated score for Nearest_Neighbor_Heuristic: 0.9
2023-12-08 14:31:44,664 - INFO - Updated score for Shaw_Removal: 0.7000000000000001
2023-12-08 14:31:44,664 - INFO - Updated score for Cheapest_Insertion: 0.9
2023-12-08 14:31:44,665 - INFO - 
2023-12-08 14:31:44,665 - INFO - Iteration 10: Length of Tour = 7574
2023-12-08 14:31:44,665 - INFO - Best Tour: = [0, 15, 44, 4, 10, 75, 108, 60, 128, 123, 63, 68, 85, 87, 25, 96, 6, 69, 126, 106, 103, 42, 62, 67, 47, 24, 97, 109, 88, 18, 26, 33, 16, 30, 99, 14, 23, 115, 78, 94, 28, 93, 112, 31, 35, 83, 118, 110, 122, 100, 81, 56, 8, 55, 11, 86, 80, 76, 102, 64, 51, 74, 73, 98, 72, 91, 37, 105, 57, 48, 71, 90, 5, 101, 119, 52, 3, 41, 43, 50, 59, 54, 121, 39, 46, 92, 36, 21, 22, 9, 13, 95, 66, 12, 32, 20, 120, 77, 58, 125, 45, 79, 117, 53, 34, 19, 17, 7, 107, 113, 2, 29, 89, 124, 84, 65, 27, 114, 82, 116, 111, 61, 104, 127, 38, 70, 49, 1, 129, 40, 0]
2023-12-08 14:31:44,666 - INFO - Length of Best Tour: = 6994
