2023-12-08 14:31:37,963 - INFO - Processing dataset: /home/centor.ulaval.ca/ghafomoh/Downloads/ADM-7900/Datasets/TSPLIB/ALL_tsp/eil101.tsp
2023-12-08 14:31:38,168 - INFO - nitial Tour: [0, 99, 84, 98, 77, 83, 73, 93, 66, 65, 64, 69, 62, 87, 57, 95, 56, 90, 55, 76, 54, 71, 53, 67, 52, 48, 45, 79, 42, 47, 41, 72, 40, 94, 39, 75, 38, 50, 37, 96, 36, 58, 34, 88, 33, 86, 31, 61, 30, 43, 29, 35, 28, 81, 27, 80, 26, 85, 25, 49, 24, 82, 23, 51, 22, 32, 21, 100, 20, 97, 18, 63, 17, 19, 16, 78, 14, 15, 13, 46, 12, 92, 11, 44, 10, 68, 8, 9, 7, 59, 6, 89, 5, 74, 4, 91, 3, 70, 2, 60, 1, 0]
2023-12-08 14:31:38,170 - INFO - Tour after Removal: [0, 99, 84, 98, 77, 83, 73, 93, 66, 65, 64, 69, 62, 87, 57, 95, 56, 90, 55, 76, 54, 71, 53, 67, 52, 48, 45, 79, 42, 47, 41, 72, 40, 94, 39, 75, 38, 50, 37, 96, 36, 34, 88, 33, 86, 31, 61, 30, 43, 29, 35, 28, 81, 27, 80, 26, 85, 25, 49, 24, 82, 23, 51, 22, 32, 21, 100, 20, 97, 18, 63, 17, 19, 16, 78, 14, 15, 13, 46, 12, 92, 11, 44, 10, 68, 8, 9, 7, 59, 6, 89, 5, 74, 4, 91, 3, 70, 2, 60, 1, 0], Removed Nodes: [58]
2023-12-08 14:31:38,171 - INFO - Tour after Insertion: [0, 99, 84, 98, 77, 83, 73, 93, 66, 65, 64, 69, 62, 87, 57, 95, 56, 90, 55, 76, 54, 71, 53, 67, 52, 48, 45, 79, 42, 47, 41, 72, 40, 94, 39, 75, 38, 50, 37, 96, 36, 34, 88, 33, 86, 31, 61, 30, 43, 29, 35, 28, 81, 27, 80, 26, 85, 25, 49, 24, 82, 23, 51, 22, 32, 21, 100, 20, 97, 18, 63, 17, 19, 16, 78, 14, 15, 13, 46, 12, 92, 11, 44, 10, 68, 8, 9, 7, 59, 6, 89, 5, 74, 4, 58, 91, 3, 70, 2, 60, 1, 0]
2023-12-08 14:31:38,171 - INFO - Length of Current Tour: 3261
2023-12-08 14:31:38,172 - INFO - New Best Tour Found: [0, 99, 84, 98, 77, 83, 73, 93, 66, 65, 64, 69, 62, 87, 57, 95, 56, 90, 55, 76, 54, 71, 53, 67, 52, 48, 45, 79, 42, 47, 41, 72, 40, 94, 39, 75, 38, 50, 37, 96, 36, 34, 88, 33, 86, 31, 61, 30, 43, 29, 35, 28, 81, 27, 80, 26, 85, 25, 49, 24, 82, 23, 51, 22, 32, 21, 100, 20, 97, 18, 63, 17, 19, 16, 78, 14, 15, 13, 46, 12, 92, 11, 44, 10, 68, 8, 9, 7, 59, 6, 89, 5, 74, 4, 58, 91, 3, 70, 2, 60, 1, 0], Length: 3261
2023-12-08 14:31:38,172 - INFO - Updated score for Christofides_Algorithm: 0.9
2023-12-08 14:31:38,173 - INFO - Updated score for Worst_Removal: 0.9
2023-12-08 14:31:38,173 - INFO - Updated score for farthest_insertion: 0.9
2023-12-08 14:31:38,174 - INFO - 
2023-12-08 14:31:38,174 - INFO - Iteration 1: Length of Tour = 3261
2023-12-08 14:31:38,174 - INFO - Best Tour: = [0, 99, 84, 98, 77, 83, 73, 93, 66, 65, 64, 69, 62, 87, 57, 95, 56, 90, 55, 76, 54, 71, 53, 67, 52, 48, 45, 79, 42, 47, 41, 72, 40, 94, 39, 75, 38, 50, 37, 96, 36, 34, 88, 33, 86, 31, 61, 30, 43, 29, 35, 28, 81, 27, 80, 26, 85, 25, 49, 24, 82, 23, 51, 22, 32, 21, 100, 20, 97, 18, 63, 17, 19, 16, 78, 14, 15, 13, 46, 12, 92, 11, 44, 10, 68, 8, 9, 7, 59, 6, 89, 5, 74, 4, 58, 91, 3, 70, 2, 60, 1, 0]
2023-12-08 14:31:38,175 - INFO - Length of Best Tour: = 3261
2023-12-08 14:31:38,175 - INFO - nitial Tour: [0, 12, 97, 20, 57, 73, 91, 77, 38, 32, 98, 21, 43, 76, 31, 5, 13, 94, 68, 7, 18, 48, 47, 42, 3, 39, 40, 95, 26, 35, 100, 66, 64, 25, 70, 58, 90, 80, 87, 34, 72, 41, 14, 61, 30, 55, 4, 27, 60, 6, 71, 92, 84, 75, 33, 56, 9, 10, 85, 2, 93, 82, 88, 16, 36, 96, 65, 15, 51, 50, 22, 28, 74, 78, 59, 86, 54, 29, 99, 62, 53, 45, 79, 69, 44, 24, 1, 8, 46, 89, 11, 19, 67, 17, 23, 81, 52, 83, 49, 63, 37, 0]
2023-12-08 14:31:38,176 - INFO - Tour after Removal: [0, 12, 97, 20, 57, 73, 91, 77, 38, 32, 98, 21, 43, 76, 31, 5, 13, 68, 7, 18, 48, 47, 42, 3, 39, 40, 95, 26, 35, 100, 66, 64, 25, 70, 58, 90, 80, 87, 34, 72, 41, 14, 61, 30, 55, 4, 27, 60, 6, 71, 92, 84, 75, 33, 56, 9, 10, 85, 2, 93, 82, 88, 16, 36, 96, 65, 15, 51, 50, 22, 28, 74, 78, 59, 86, 54, 29, 99, 62, 53, 45, 79, 69, 44, 24, 1, 8, 46, 89, 11, 19, 67, 17, 23, 81, 52, 83, 49, 63, 37, 0], Removed Nodes: [94]
2023-12-08 14:31:38,177 - INFO - Tour after Insertion: [0, 12, 97, 20, 57, 73, 91, 77, 38, 32, 98, 94, 21, 43, 76, 31, 5, 13, 68, 7, 18, 48, 47, 42, 3, 39, 40, 95, 26, 35, 100, 66, 64, 25, 70, 58, 90, 80, 87, 34, 72, 41, 14, 61, 30, 55, 4, 27, 60, 6, 71, 92, 84, 75, 33, 56, 9, 10, 85, 2, 93, 82, 88, 16, 36, 96, 65, 15, 51, 50, 22, 28, 74, 78, 59, 86, 54, 29, 99, 62, 53, 45, 79, 69, 44, 24, 1, 8, 46, 89, 11, 19, 67, 17, 23, 81, 52, 83, 49, 63, 37, 0]
2023-12-08 14:31:38,178 - INFO - Length of Current Tour: 3545
2023-12-08 14:31:38,178 - INFO - No improvement in this iteration.
2023-12-08 14:31:38,178 - INFO - Updated score for Randomized_Heuristics: 0.9
2023-12-08 14:31:38,179 - INFO - Updated score for Random_Removal: 0.9
2023-12-08 14:31:38,179 - INFO - Updated score for Regret_N_Heuristic: 0.9
2023-12-08 14:31:38,179 - INFO - 
2023-12-08 14:31:38,180 - INFO - Iteration 2: Length of Tour = 3545
2023-12-08 14:31:38,180 - INFO - Best Tour: = [0, 99, 84, 98, 77, 83, 73, 93, 66, 65, 64, 69, 62, 87, 57, 95, 56, 90, 55, 76, 54, 71, 53, 67, 52, 48, 45, 79, 42, 47, 41, 72, 40, 94, 39, 75, 38, 50, 37, 96, 36, 34, 88, 33, 86, 31, 61, 30, 43, 29, 35, 28, 81, 27, 80, 26, 85, 25, 49, 24, 82, 23, 51, 22, 32, 21, 100, 20, 97, 18, 63, 17, 19, 16, 78, 14, 15, 13, 46, 12, 92, 11, 44, 10, 68, 8, 9, 7, 59, 6, 89, 5, 74, 4, 58, 91, 3, 70, 2, 60, 1, 0]
2023-12-08 14:31:38,180 - INFO - Length of Best Tour: = 3261
2023-12-08 14:31:38,604 - INFO - nitial Tour: [0, 49, 32, 80, 8, 50, 29, 19, 65, 70, 64, 34, 33, 77, 78, 2, 76, 75, 11, 67, 79, 28, 23, 53, 54, 24, 3, 38, 66, 22, 55, 74, 71, 20, 25, 27, 26, 100, 52, 39, 57, 72, 73, 21, 40, 56, 1, 86, 12, 88, 5, 93, 94, 96, 41, 14, 42, 13, 43, 37, 85, 15, 92, 98, 95, 58, 91, 97, 36, 99, 90, 84, 60, 4, 59, 17, 82, 83, 16, 44, 7, 45, 46, 35, 48, 63, 31, 89, 62, 10, 18, 47, 81, 6, 51, 87, 61, 9, 69, 30, 68, 0]
2023-12-08 14:31:38,605 - INFO - Tour after Removal: [0, 49, 32, 80, 8, 29, 19, 65, 70, 64, 34, 33, 77, 78, 2, 76, 75, 11, 67, 79, 28, 23, 53, 54, 24, 3, 38, 66, 22, 55, 74, 71, 20, 25, 27, 26, 100, 52, 39, 57, 72, 73, 21, 40, 56, 1, 86, 12, 88, 5, 93, 94, 96, 41, 14, 42, 13, 43, 37, 85, 15, 92, 98, 95, 58, 91, 97, 36, 99, 90, 84, 60, 4, 59, 17, 82, 83, 16, 44, 7, 45, 46, 35, 48, 63, 31, 89, 62, 10, 18, 47, 81, 6, 51, 87, 61, 9, 69, 30, 68, 0], Removed Nodes: [50]
2023-12-08 14:31:38,606 - INFO - Tour after Insertion: [0, 49, 32, 80, 8, 50, 29, 19, 65, 70, 64, 34, 33, 77, 78, 2, 76, 75, 11, 67, 79, 28, 23, 53, 54, 24, 3, 38, 66, 22, 55, 74, 71, 20, 25, 27, 26, 100, 52, 39, 57, 72, 73, 21, 40, 56, 1, 86, 12, 88, 5, 93, 94, 96, 41, 14, 42, 13, 43, 37, 85, 15, 92, 98, 95, 58, 91, 97, 36, 99, 90, 84, 60, 4, 59, 17, 82, 83, 16, 44, 7, 45, 46, 35, 48, 63, 31, 89, 62, 10, 18, 47, 81, 6, 51, 87, 61, 9, 69, 30, 68, 0]
2023-12-08 14:31:38,607 - INFO - Length of Current Tour: 686
2023-12-08 14:31:38,607 - INFO - New Best Tour Found: [0, 49, 32, 80, 8, 50, 29, 19, 65, 70, 64, 34, 33, 77, 78, 2, 76, 75, 11, 67, 79, 28, 23, 53, 54, 24, 3, 38, 66, 22, 55, 74, 71, 20, 25, 27, 26, 100, 52, 39, 57, 72, 73, 21, 40, 56, 1, 86, 12, 88, 5, 93, 94, 96, 41, 14, 42, 13, 43, 37, 85, 15, 92, 98, 95, 58, 91, 97, 36, 99, 90, 84, 60, 4, 59, 17, 82, 83, 16, 44, 7, 45, 46, 35, 48, 63, 31, 89, 62, 10, 18, 47, 81, 6, 51, 87, 61, 9, 69, 30, 68, 0], Length: 686
2023-12-08 14:31:38,607 - INFO - Updated score for Farthest_Insertion: 0.9
2023-12-08 14:31:38,608 - INFO - Updated score for Random_Removal: 0.8
2023-12-08 14:31:38,608 - INFO - Updated score for Nearest_Insertion: 0.9
2023-12-08 14:31:38,609 - INFO - 
2023-12-08 14:31:38,609 - INFO - Iteration 3: Length of Tour = 686
2023-12-08 14:31:38,609 - INFO - Best Tour: = [0, 49, 32, 80, 8, 50, 29, 19, 65, 70, 64, 34, 33, 77, 78, 2, 76, 75, 11, 67, 79, 28, 23, 53, 54, 24, 3, 38, 66, 22, 55, 74, 71, 20, 25, 27, 26, 100, 52, 39, 57, 72, 73, 21, 40, 56, 1, 86, 12, 88, 5, 93, 94, 96, 41, 14, 42, 13, 43, 37, 85, 15, 92, 98, 95, 58, 91, 97, 36, 99, 90, 84, 60, 4, 59, 17, 82, 83, 16, 44, 7, 45, 46, 35, 48, 63, 31, 89, 62, 10, 18, 47, 81, 6, 51, 87, 61, 9, 69, 30, 68, 0]
2023-12-08 14:31:38,610 - INFO - Length of Best Tour: = 686
2023-12-08 14:31:38,748 - INFO - nitial Tour: [0, 99, 96, 92, 85, 77, 73, 98, 71, 100, 64, 82, 60, 88, 58, 65, 57, 69, 56, 63, 55, 86, 51, 75, 50, 93, 49, 72, 46, 80, 43, 44, 42, 79, 41, 83, 40, 78, 39, 84, 38, 54, 37, 97, 35, 45, 34, 62, 33, 48, 31, 68, 30, 67, 29, 87, 27, 47, 26, 89, 25, 81, 24, 28, 23, 53, 21, 52, 20, 59, 19, 22, 18, 61, 17, 36, 16, 94, 14, 90, 12, 74, 11, 32, 10, 13, 8, 9, 7, 95, 6, 76, 5, 15, 4, 70, 3, 66, 2, 91, 1, 0]
2023-12-08 14:31:38,749 - INFO - Tour after Removal: [0, 99, 96, 92, 85, 77, 73, 98, 71, 100, 64, 82, 60, 88, 58, 65, 57, 69, 56, 63, 55, 86, 51, 75, 50, 93, 49, 72, 46, 80, 43, 44, 42, 79, 41, 83, 40, 78, 84, 38, 54, 37, 97, 35, 45, 34, 62, 33, 48, 31, 68, 30, 67, 29, 87, 27, 47, 26, 89, 25, 81, 24, 28, 23, 53, 21, 52, 20, 59, 19, 22, 18, 61, 17, 36, 16, 94, 14, 90, 12, 74, 11, 32, 10, 13, 8, 9, 7, 95, 6, 76, 5, 15, 4, 70, 3, 66, 2, 91, 1, 0], Removed Nodes: {39}
2023-12-08 14:31:38,750 - INFO - Tour after Insertion: [0, 99, 96, 92, 85, 77, 73, 98, 71, 39, 100, 64, 82, 60, 88, 58, 65, 57, 69, 56, 63, 55, 86, 51, 75, 50, 93, 49, 72, 46, 80, 43, 44, 42, 79, 41, 83, 40, 78, 84, 38, 54, 37, 97, 35, 45, 34, 62, 33, 48, 31, 68, 30, 67, 29, 87, 27, 47, 26, 89, 25, 81, 24, 28, 23, 53, 21, 52, 20, 59, 19, 22, 18, 61, 17, 36, 16, 94, 14, 90, 12, 74, 11, 32, 10, 13, 8, 9, 7, 95, 6, 76, 5, 15, 4, 70, 3, 66, 2, 91, 1, 0]
2023-12-08 14:31:38,751 - INFO - Length of Current Tour: 3246
2023-12-08 14:31:38,751 - INFO - No improvement in this iteration.
2023-12-08 14:31:38,751 - INFO - Updated score for Christofides_Algorithm: 0.8
2023-12-08 14:31:38,751 - INFO - Updated score for Shaw_Removal: 0.9
2023-12-08 14:31:38,751 - INFO - Updated score for Best_Insertion: 0.9
2023-12-08 14:31:38,751 - INFO - 
2023-12-08 14:31:38,751 - INFO - Iteration 4: Length of Tour = 3246
2023-12-08 14:31:38,751 - INFO - Best Tour: = [0, 49, 32, 80, 8, 50, 29, 19, 65, 70, 64, 34, 33, 77, 78, 2, 76, 75, 11, 67, 79, 28, 23, 53, 54, 24, 3, 38, 66, 22, 55, 74, 71, 20, 25, 27, 26, 100, 52, 39, 57, 72, 73, 21, 40, 56, 1, 86, 12, 88, 5, 93, 94, 96, 41, 14, 42, 13, 43, 37, 85, 15, 92, 98, 95, 58, 91, 97, 36, 99, 90, 84, 60, 4, 59, 17, 82, 83, 16, 44, 7, 45, 46, 35, 48, 63, 31, 89, 62, 10, 18, 47, 81, 6, 51, 87, 61, 9, 69, 30, 68, 0]
2023-12-08 14:31:38,751 - INFO - Length of Best Tour: = 686
2023-12-08 14:31:38,765 - INFO - nitial Tour: [0, 68, 26, 100, 52, 57, 39, 20, 72, 71, 73, 21, 40, 74, 55, 22, 38, 3, 53, 54, 24, 23, 28, 2, 76, 75, 49, 32, 80, 8, 50, 19, 29, 69, 30, 87, 6, 81, 47, 46, 35, 48, 18, 10, 61, 9, 89, 31, 62, 63, 45, 7, 44, 16, 83, 4, 59, 82, 17, 51, 88, 5, 93, 94, 96, 91, 58, 98, 95, 92, 84, 90, 99, 36, 97, 60, 15, 43, 13, 41, 86, 1, 56, 14, 42, 37, 85, 12, 25, 11, 79, 67, 78, 77, 33, 34, 70, 65, 64, 27, 66, 0]
2023-12-08 14:31:38,766 - INFO - Tour after Removal: [0, 68, 26, 100, 52, 57, 39, 20, 72, 73, 21, 40, 74, 55, 22, 38, 3, 53, 54, 24, 23, 28, 2, 76, 75, 49, 32, 80, 8, 50, 19, 29, 69, 30, 87, 6, 81, 47, 46, 35, 48, 18, 10, 61, 9, 89, 31, 62, 63, 45, 7, 44, 16, 83, 4, 59, 82, 17, 51, 88, 5, 93, 94, 96, 91, 58, 98, 95, 92, 84, 90, 99, 36, 97, 60, 15, 43, 13, 41, 86, 1, 56, 14, 42, 37, 85, 12, 25, 11, 79, 67, 78, 77, 33, 34, 70, 65, 64, 27, 66, 0], Removed Nodes: {71}
2023-12-08 14:31:38,767 - INFO - Tour after Insertion: [0, 68, 26, 100, 52, 57, 39, 20, 72, 71, 73, 21, 40, 74, 55, 22, 38, 3, 53, 54, 24, 23, 28, 2, 76, 75, 49, 32, 80, 8, 50, 19, 29, 69, 30, 87, 6, 81, 47, 46, 35, 48, 18, 10, 61, 9, 89, 31, 62, 63, 45, 7, 44, 16, 83, 4, 59, 82, 17, 51, 88, 5, 93, 94, 96, 91, 58, 98, 95, 92, 84, 90, 99, 36, 97, 60, 15, 43, 13, 41, 86, 1, 56, 14, 42, 37, 85, 12, 25, 11, 79, 67, 78, 77, 33, 34, 70, 65, 64, 27, 66, 0]
2023-12-08 14:31:38,768 - INFO - Length of Current Tour: 803
2023-12-08 14:31:38,768 - INFO - No improvement in this iteration.
2023-12-08 14:31:38,768 - INFO - Updated score for Nearest_Neighbor_Heuristic: 0.9
2023-12-08 14:31:38,768 - INFO - Updated score for Shaw_Removal: 0.8
2023-12-08 14:31:38,769 - INFO - Updated score for Best_Insertion: 0.8
2023-12-08 14:31:38,769 - INFO - 
2023-12-08 14:31:38,770 - INFO - Iteration 5: Length of Tour = 803
2023-12-08 14:31:38,770 - INFO - Best Tour: = [0, 49, 32, 80, 8, 50, 29, 19, 65, 70, 64, 34, 33, 77, 78, 2, 76, 75, 11, 67, 79, 28, 23, 53, 54, 24, 3, 38, 66, 22, 55, 74, 71, 20, 25, 27, 26, 100, 52, 39, 57, 72, 73, 21, 40, 56, 1, 86, 12, 88, 5, 93, 94, 96, 41, 14, 42, 13, 43, 37, 85, 15, 92, 98, 95, 58, 91, 97, 36, 99, 90, 84, 60, 4, 59, 17, 82, 83, 16, 44, 7, 45, 46, 35, 48, 63, 31, 89, 62, 10, 18, 47, 81, 6, 51, 87, 61, 9, 69, 30, 68, 0]
2023-12-08 14:31:38,771 - INFO - Length of Best Tour: = 686
2023-12-08 14:31:38,903 - INFO - nitial Tour: [0, 1, 2, 3, 4, 5, 6, 7, 8, 9, 10, 11, 12, 13, 14, 15, 16, 17, 18, 19, 20, 21, 22, 23, 24, 25, 26, 27, 28, 29, 30, 31, 32, 33, 34, 35, 36, 37, 38, 39, 40, 41, 42, 43, 44, 45, 46, 47, 48, 49, 50, 51, 52, 53, 54, 55, 56, 57, 58, 59, 60, 61, 62, 63, 64, 65, 66, 67, 68, 69, 70, 71, 72, 73, 74, 75, 76, 77, 78, 79, 80, 81, 82, 83, 84, 85, 86, 87, 88, 89, 90, 91, 92, 93, 94, 95, 96, 97, 98, 99, 100, 0]
2023-12-08 14:31:38,904 - INFO - Tour after Removal: [0, 1, 2, 3, 4, 5, 6, 7, 8, 9, 10, 11, 12, 13, 14, 15, 16, 17, 18, 19, 20, 21, 22, 23, 24, 25, 26, 27, 28, 29, 30, 31, 32, 33, 34, 35, 36, 37, 38, 39, 40, 41, 42, 43, 44, 45, 46, 47, 48, 49, 50, 51, 52, 53, 54, 55, 56, 57, 58, 59, 60, 61, 62, 63, 64, 66, 67, 68, 69, 70, 71, 72, 73, 74, 75, 76, 77, 78, 79, 80, 81, 82, 83, 84, 85, 86, 87, 88, 89, 90, 91, 92, 93, 94, 95, 96, 97, 98, 99, 100, 0], Removed Nodes: [65]
2023-12-08 14:31:38,905 - INFO - Tour after Insertion: [0, 1, 2, 3, 4, 5, 6, 7, 8, 9, 10, 11, 12, 13, 14, 15, 16, 17, 18, 19, 20, 21, 22, 23, 24, 25, 26, 27, 28, 29, 30, 31, 32, 33, 34, 35, 36, 37, 38, 39, 40, 41, 42, 43, 44, 45, 46, 47, 48, 49, 50, 51, 52, 53, 54, 55, 56, 57, 58, 59, 60, 61, 62, 63, 65, 64, 66, 67, 68, 69, 70, 71, 72, 73, 74, 75, 76, 77, 78, 79, 80, 81, 82, 83, 84, 85, 86, 87, 88, 89, 90, 91, 92, 93, 94, 95, 96, 97, 98, 99, 100, 0]
2023-12-08 14:31:38,906 - INFO - Length of Current Tour: 2051
2023-12-08 14:31:38,906 - INFO - No improvement in this iteration.
2023-12-08 14:31:38,906 - INFO - Updated score for Minimum_Spanning_Tree_MST_Based_Heuristic: 0.9
2023-12-08 14:31:38,907 - INFO - Updated score for Worst_Removal: 0.8
2023-12-08 14:31:38,907 - INFO - Updated score for Nearest_Insertion: 0.8
2023-12-08 14:31:38,907 - INFO - 
2023-12-08 14:31:38,908 - INFO - Iteration 6: Length of Tour = 2051
2023-12-08 14:31:38,909 - INFO - Best Tour: = [0, 49, 32, 80, 8, 50, 29, 19, 65, 70, 64, 34, 33, 77, 78, 2, 76, 75, 11, 67, 79, 28, 23, 53, 54, 24, 3, 38, 66, 22, 55, 74, 71, 20, 25, 27, 26, 100, 52, 39, 57, 72, 73, 21, 40, 56, 1, 86, 12, 88, 5, 93, 94, 96, 41, 14, 42, 13, 43, 37, 85, 15, 92, 98, 95, 58, 91, 97, 36, 99, 90, 84, 60, 4, 59, 17, 82, 83, 16, 44, 7, 45, 46, 35, 48, 63, 31, 89, 62, 10, 18, 47, 81, 6, 51, 87, 61, 9, 69, 30, 68, 0]
2023-12-08 14:31:38,909 - INFO - Length of Best Tour: = 686
2023-12-08 14:31:39,041 - INFO - nitial Tour: [0, 1, 2, 3, 4, 5, 6, 7, 8, 9, 10, 11, 12, 13, 14, 15, 16, 17, 18, 19, 20, 21, 22, 23, 24, 25, 26, 27, 28, 29, 30, 31, 32, 33, 34, 35, 36, 37, 38, 39, 40, 41, 42, 43, 44, 45, 46, 47, 48, 49, 50, 51, 52, 53, 54, 55, 56, 57, 58, 59, 60, 61, 62, 63, 64, 65, 66, 67, 68, 69, 70, 71, 72, 73, 74, 75, 76, 77, 78, 79, 80, 81, 82, 83, 84, 85, 86, 87, 88, 89, 90, 91, 92, 93, 94, 95, 96, 97, 98, 99, 100, 0]
2023-12-08 14:31:39,042 - INFO - Tour after Removal: [0, 1, 2, 3, 4, 5, 6, 7, 8, 9, 10, 12, 13, 14, 15, 16, 17, 18, 19, 20, 21, 22, 23, 24, 25, 26, 27, 28, 29, 30, 31, 32, 33, 34, 35, 36, 37, 38, 39, 40, 41, 42, 43, 44, 45, 46, 47, 48, 49, 50, 51, 52, 53, 54, 55, 56, 57, 58, 59, 60, 61, 62, 63, 64, 65, 66, 67, 68, 69, 70, 71, 72, 73, 74, 75, 76, 77, 78, 79, 80, 81, 82, 83, 84, 85, 86, 87, 88, 89, 90, 91, 92, 93, 94, 95, 96, 97, 98, 99, 100, 0], Removed Nodes: {11}
2023-12-08 14:31:39,043 - INFO - Tour after Insertion: [0, 1, 11, 2, 3, 4, 5, 6, 7, 8, 9, 10, 12, 13, 14, 15, 16, 17, 18, 19, 20, 21, 22, 23, 24, 25, 26, 27, 28, 29, 30, 31, 32, 33, 34, 35, 36, 37, 38, 39, 40, 41, 42, 43, 44, 45, 46, 47, 48, 49, 50, 51, 52, 53, 54, 55, 56, 57, 58, 59, 60, 61, 62, 63, 64, 65, 66, 67, 68, 69, 70, 71, 72, 73, 74, 75, 76, 77, 78, 79, 80, 81, 82, 83, 84, 85, 86, 87, 88, 89, 90, 91, 92, 93, 94, 95, 96, 97, 98, 99, 100, 0]
2023-12-08 14:31:39,044 - INFO - Length of Current Tour: 2039
2023-12-08 14:31:39,044 - INFO - No improvement in this iteration.
2023-12-08 14:31:39,045 - INFO - Updated score for Minimum_Spanning_Tree_MST_Based_Heuristic: 0.8
2023-12-08 14:31:39,045 - INFO - Updated score for Shaw_Removal: 0.7000000000000001
2023-12-08 14:31:39,045 - INFO - Updated score for Regret_3_Heuristic: 0.9
2023-12-08 14:31:39,046 - INFO - 
2023-12-08 14:31:39,046 - INFO - Iteration 7: Length of Tour = 2039
2023-12-08 14:31:39,047 - INFO - Best Tour: = [0, 49, 32, 80, 8, 50, 29, 19, 65, 70, 64, 34, 33, 77, 78, 2, 76, 75, 11, 67, 79, 28, 23, 53, 54, 24, 3, 38, 66, 22, 55, 74, 71, 20, 25, 27, 26, 100, 52, 39, 57, 72, 73, 21, 40, 56, 1, 86, 12, 88, 5, 93, 94, 96, 41, 14, 42, 13, 43, 37, 85, 15, 92, 98, 95, 58, 91, 97, 36, 99, 90, 84, 60, 4, 59, 17, 82, 83, 16, 44, 7, 45, 46, 35, 48, 63, 31, 89, 62, 10, 18, 47, 81, 6, 51, 87, 61, 9, 69, 30, 68, 0]
2023-12-08 14:31:39,048 - INFO - Length of Best Tour: = 686
2023-12-08 14:31:39,195 - INFO - nitial Tour: [0, 94, 88, 90, 87, 92, 81, 98, 73, 99, 71, 83, 65, 58, 56, 95, 55, 86, 54, 69, 52, 72, 49, 100, 47, 89, 46, 64, 44, 77, 43, 57, 41, 53, 39, 62, 38, 74, 37, 42, 36, 50, 33, 85, 32, 35, 31, 97, 30, 93, 28, 40, 27, 60, 26, 59, 25, 67, 24, 51, 23, 45, 22, 79, 21, 48, 20, 66, 19, 29, 18, 75, 17, 78, 16, 91, 15, 76, 13, 84, 12, 80, 10, 70, 9, 61, 8, 34, 7, 63, 6, 96, 5, 68, 4, 11, 3, 14, 2, 82, 1, 0]
2023-12-08 14:31:39,196 - INFO - Tour after Removal: [0, 94, 88, 90, 87, 92, 81, 98, 73, 99, 71, 83, 65, 58, 56, 95, 55, 86, 54, 69, 52, 72, 49, 100, 47, 89, 46, 64, 44, 77, 43, 57, 41, 53, 39, 62, 38, 37, 42, 36, 50, 33, 85, 32, 35, 31, 97, 30, 93, 28, 40, 27, 60, 26, 59, 25, 67, 24, 51, 23, 45, 22, 79, 21, 48, 20, 66, 19, 29, 18, 75, 17, 78, 16, 91, 15, 76, 13, 84, 12, 80, 10, 70, 9, 61, 8, 34, 7, 63, 6, 96, 5, 68, 4, 11, 3, 14, 2, 82, 1, 0], Removed Nodes: [74]
2023-12-08 14:31:39,196 - INFO - Tour after Insertion: [0, 94, 88, 90, 87, 92, 81, 98, 73, 99, 71, 83, 65, 58, 74, 56, 95, 55, 86, 54, 69, 52, 72, 49, 100, 47, 89, 46, 64, 44, 77, 43, 57, 41, 53, 39, 62, 38, 37, 42, 36, 50, 33, 85, 32, 35, 31, 97, 30, 93, 28, 40, 27, 60, 26, 59, 25, 67, 24, 51, 23, 45, 22, 79, 21, 48, 20, 66, 19, 29, 18, 75, 17, 78, 16, 91, 15, 76, 13, 84, 12, 80, 10, 70, 9, 61, 8, 34, 7, 63, 6, 96, 5, 68, 4, 11, 3, 14, 2, 82, 1, 0]
2023-12-08 14:31:39,197 - INFO - Length of Current Tour: 3435
2023-12-08 14:31:39,197 - INFO - No improvement in this iteration.
2023-12-08 14:31:39,198 - INFO - Updated score for Christofides_Algorithm: 0.7000000000000001
2023-12-08 14:31:39,198 - INFO - Updated score for Worst_Removal: 0.7000000000000001
2023-12-08 14:31:39,199 - INFO - Updated score for Random_Insertion: 0.9
2023-12-08 14:31:39,199 - INFO - 
2023-12-08 14:31:39,200 - INFO - Iteration 8: Length of Tour = 3435
2023-12-08 14:31:39,200 - INFO - Best Tour: = [0, 49, 32, 80, 8, 50, 29, 19, 65, 70, 64, 34, 33, 77, 78, 2, 76, 75, 11, 67, 79, 28, 23, 53, 54, 24, 3, 38, 66, 22, 55, 74, 71, 20, 25, 27, 26, 100, 52, 39, 57, 72, 73, 21, 40, 56, 1, 86, 12, 88, 5, 93, 94, 96, 41, 14, 42, 13, 43, 37, 85, 15, 92, 98, 95, 58, 91, 97, 36, 99, 90, 84, 60, 4, 59, 17, 82, 83, 16, 44, 7, 45, 46, 35, 48, 63, 31, 89, 62, 10, 18, 47, 81, 6, 51, 87, 61, 9, 69, 30, 68, 0]
2023-12-08 14:31:39,201 - INFO - Length of Best Tour: = 686
2023-12-08 14:31:39,330 - INFO - nitial Tour: [0, 1, 2, 3, 4, 5, 6, 7, 8, 9, 10, 11, 12, 13, 14, 15, 16, 17, 18, 19, 20, 21, 22, 23, 24, 25, 26, 27, 28, 29, 30, 31, 32, 33, 34, 35, 36, 37, 38, 39, 40, 41, 42, 43, 44, 45, 46, 47, 48, 49, 50, 51, 52, 53, 54, 55, 56, 57, 58, 59, 60, 61, 62, 63, 64, 65, 66, 67, 68, 69, 70, 71, 72, 73, 74, 75, 76, 77, 78, 79, 80, 81, 82, 83, 84, 85, 86, 87, 88, 89, 90, 91, 92, 93, 94, 95, 96, 97, 98, 99, 100, 0]
2023-12-08 14:31:39,330 - INFO - Tour after Removal: [0, 1, 2, 3, 4, 5, 6, 7, 8, 9, 10, 11, 12, 13, 14, 15, 16, 17, 18, 19, 20, 21, 22, 23, 24, 25, 26, 27, 28, 29, 30, 31, 32, 33, 34, 35, 36, 37, 38, 39, 40, 41, 42, 43, 44, 45, 46, 47, 48, 49, 50, 51, 52, 53, 54, 55, 57, 58, 59, 60, 61, 62, 63, 64, 65, 66, 67, 68, 69, 70, 71, 72, 73, 74, 75, 76, 77, 78, 79, 80, 81, 82, 83, 84, 85, 86, 87, 88, 89, 90, 91, 92, 93, 94, 95, 96, 97, 98, 99, 100, 0], Removed Nodes: [56]
2023-12-08 14:31:39,332 - INFO - Tour after Insertion: [0, 1, 2, 3, 4, 5, 6, 7, 8, 9, 10, 11, 12, 13, 14, 15, 16, 17, 18, 19, 20, 21, 22, 23, 24, 25, 26, 27, 28, 29, 30, 31, 32, 33, 34, 35, 36, 37, 38, 39, 40, 56, 41, 42, 43, 44, 45, 46, 47, 48, 49, 50, 51, 52, 53, 54, 55, 57, 58, 59, 60, 61, 62, 63, 64, 65, 66, 67, 68, 69, 70, 71, 72, 73, 74, 75, 76, 77, 78, 79, 80, 81, 82, 83, 84, 85, 86, 87, 88, 89, 90, 91, 92, 93, 94, 95, 96, 97, 98, 99, 100, 0]
2023-12-08 14:31:39,333 - INFO - Length of Current Tour: 2048
2023-12-08 14:31:39,333 - INFO - No improvement in this iteration.
2023-12-08 14:31:39,333 - INFO - Updated score for Minimum_Spanning_Tree_MST_Based_Heuristic: 0.7000000000000001
2023-12-08 14:31:39,334 - INFO - Updated score for Random_Removal: 0.7000000000000001
2023-12-08 14:31:39,334 - INFO - Updated score for farthest_insertion: 0.8
2023-12-08 14:31:39,334 - INFO - 
2023-12-08 14:31:39,335 - INFO - Iteration 9: Length of Tour = 2048
2023-12-08 14:31:39,335 - INFO - Best Tour: = [0, 49, 32, 80, 8, 50, 29, 19, 65, 70, 64, 34, 33, 77, 78, 2, 76, 75, 11, 67, 79, 28, 23, 53, 54, 24, 3, 38, 66, 22, 55, 74, 71, 20, 25, 27, 26, 100, 52, 39, 57, 72, 73, 21, 40, 56, 1, 86, 12, 88, 5, 93, 94, 96, 41, 14, 42, 13, 43, 37, 85, 15, 92, 98, 95, 58, 91, 97, 36, 99, 90, 84, 60, 4, 59, 17, 82, 83, 16, 44, 7, 45, 46, 35, 48, 63, 31, 89, 62, 10, 18, 47, 81, 6, 51, 87, 61, 9, 69, 30, 68, 0]
2023-12-08 14:31:39,335 - INFO - Length of Best Tour: = 686
2023-12-08 14:31:39,336 - INFO - nitial Tour: [0, 51, 96, 43, 85, 41, 81, 74, 9, 83, 5, 54, 53, 75, 11, 6, 93, 32, 70, 87, 82, 76, 28, 71, 4, 100, 57, 61, 78, 59, 24, 55, 21, 10, 35, 64, 23, 39, 18, 80, 88, 58, 47, 22, 92, 42, 7, 36, 40, 91, 77, 20, 63, 65, 94, 49, 86, 31, 38, 8, 45, 37, 27, 46, 48, 72, 98, 90, 52, 15, 29, 34, 17, 84, 99, 25, 73, 68, 50, 19, 62, 26, 95, 89, 66, 12, 60, 33, 44, 13, 67, 1, 14, 56, 16, 69, 3, 97, 79, 2, 30, 0]
2023-12-08 14:31:39,337 - INFO - Tour after Removal: [0, 51, 96, 43, 85, 41, 81, 74, 9, 83, 5, 54, 53, 75, 11, 6, 93, 32, 70, 87, 82, 76, 28, 71, 4, 100, 57, 61, 78, 59, 24, 55, 10, 35, 64, 23, 39, 18, 80, 88, 58, 47, 22, 92, 42, 7, 36, 40, 91, 77, 20, 63, 65, 94, 49, 86, 31, 38, 8, 45, 37, 27, 46, 48, 72, 98, 90, 52, 15, 29, 34, 17, 84, 99, 25, 73, 68, 50, 19, 62, 26, 95, 89, 66, 12, 60, 33, 44, 13, 67, 1, 14, 56, 16, 69, 3, 97, 79, 2, 30, 0], Removed Nodes: [21]
2023-12-08 14:31:39,338 - INFO - Tour after Insertion: [0, 51, 96, 43, 85, 41, 81, 74, 9, 83, 5, 54, 53, 75, 11, 6, 93, 32, 70, 87, 82, 76, 28, 71, 4, 100, 57, 61, 78, 59, 24, 55, 10, 35, 64, 23, 39, 18, 80, 88, 58, 47, 22, 21, 92, 42, 7, 36, 40, 91, 77, 20, 63, 65, 94, 49, 86, 31, 38, 8, 45, 37, 27, 46, 48, 72, 98, 90, 52, 15, 29, 34, 17, 84, 99, 25, 73, 68, 50, 19, 62, 26, 95, 89, 66, 12, 60, 33, 44, 13, 67, 1, 14, 56, 16, 69, 3, 97, 79, 2, 30, 0]
2023-12-08 14:31:39,339 - INFO - Length of Current Tour: 3227
2023-12-08 14:31:39,339 - INFO - No improvement in this iteration.
2023-12-08 14:31:39,339 - INFO - Updated score for Randomized_Heuristics: 0.8
2023-12-08 14:31:39,340 - INFO - Updated score for Worst_Removal: 0.6000000000000001
2023-12-08 14:31:39,340 - INFO - Updated score for Regret_2_Heuristic: 0.9
2023-12-08 14:31:39,341 - INFO - 
2023-12-08 14:31:39,342 - INFO - Iteration 10: Length of Tour = 3227
2023-12-08 14:31:39,343 - INFO - Best Tour: = [0, 49, 32, 80, 8, 50, 29, 19, 65, 70, 64, 34, 33, 77, 78, 2, 76, 75, 11, 67, 79, 28, 23, 53, 54, 24, 3, 38, 66, 22, 55, 74, 71, 20, 25, 27, 26, 100, 52, 39, 57, 72, 73, 21, 40, 56, 1, 86, 12, 88, 5, 93, 94, 96, 41, 14, 42, 13, 43, 37, 85, 15, 92, 98, 95, 58, 91, 97, 36, 99, 90, 84, 60, 4, 59, 17, 82, 83, 16, 44, 7, 45, 46, 35, 48, 63, 31, 89, 62, 10, 18, 47, 81, 6, 51, 87, 61, 9, 69, 30, 68, 0]
2023-12-08 14:31:39,343 - INFO - Length of Best Tour: = 686
