2023-12-09 22:13:32,938 - INFO - Processing dataset: /Users/Mgh.Nasiri/Documents/1- Academic Documents/3- Laval Universitè/Diriges/Codes/Datasets/TSPLIB/ALL_tsp/ch130.tsp
2023-12-09 22:13:35,560 - INFO - Initial Tour: [0, 1, 16, 33, 26, 18, 103, 126, 106, 42, 69, 96, 25, 6, 62, 67, 47, 24, 31, 83, 118, 35, 112, 97, 109, 88, 93, 76, 102, 80, 11, 86, 64, 55, 110, 122, 100, 81, 56, 8, 72, 51, 74, 73, 98, 91, 37, 14, 28, 23, 94, 78, 115, 99, 30, 53, 34, 3, 41, 105, 52, 57, 48, 71, 90, 119, 50, 59, 54, 5, 101, 9, 13, 66, 12, 95, 121, 43, 39, 46, 22, 36, 21, 92, 117, 19, 79, 45, 32, 20, 17, 7, 107, 125, 113, 120, 77, 65, 84, 89, 124, 58, 29, 82, 2, 116, 111, 114, 27, 61, 104, 127, 15, 44, 4, 10, 108, 60, 87, 85, 68, 63, 123, 128, 75, 49, 129, 70, 38, 40, 0]
2023-12-09 22:13:35,561 - INFO - Tour after Removal: [0, 1, 16, 33, 26, 18, 103, 126, 106, 42, 69, 96, 25, 6, 62, 67, 47, 24, 31, 83, 118, 35, 112, 97, 109, 88, 93, 76, 102, 80, 11, 86, 64, 110, 122, 100, 81, 56, 8, 72, 51, 74, 73, 98, 91, 37, 14, 28, 23, 94, 78, 115, 99, 30, 53, 34, 3, 41, 105, 52, 57, 48, 71, 90, 119, 50, 59, 54, 5, 101, 9, 13, 66, 12, 95, 121, 43, 39, 46, 22, 36, 21, 92, 117, 19, 79, 45, 32, 20, 17, 7, 107, 125, 113, 120, 77, 65, 84, 89, 124, 58, 29, 82, 2, 116, 111, 114, 27, 61, 104, 127, 15, 44, 4, 10, 108, 60, 87, 85, 68, 63, 123, 128, 75, 49, 129, 70, 38, 40, 0], Removed Nodes: [55]
2023-12-09 22:13:35,561 - INFO - Tour after Insertion: [0, 1, 16, 33, 26, 18, 103, 126, 106, 42, 69, 96, 25, 6, 62, 67, 47, 24, 31, 83, 118, 35, 112, 97, 109, 88, 93, 76, 55, 102, 80, 11, 86, 64, 110, 122, 100, 81, 56, 8, 72, 51, 74, 73, 98, 91, 37, 14, 28, 23, 94, 78, 115, 99, 30, 53, 34, 3, 41, 105, 52, 57, 48, 71, 90, 119, 50, 59, 54, 5, 101, 9, 13, 66, 12, 95, 121, 43, 39, 46, 22, 36, 21, 92, 117, 19, 79, 45, 32, 20, 17, 7, 107, 125, 113, 120, 77, 65, 84, 89, 124, 58, 29, 82, 2, 116, 111, 114, 27, 61, 104, 127, 15, 44, 4, 10, 108, 60, 87, 85, 68, 63, 123, 128, 75, 49, 129, 70, 38, 40, 0]
2023-12-09 22:13:35,562 - INFO - Length of Current Tour: 7500
2023-12-09 22:13:35,562 - INFO - New Best Tour Found: [0, 1, 16, 33, 26, 18, 103, 126, 106, 42, 69, 96, 25, 6, 62, 67, 47, 24, 31, 83, 118, 35, 112, 97, 109, 88, 93, 76, 55, 102, 80, 11, 86, 64, 110, 122, 100, 81, 56, 8, 72, 51, 74, 73, 98, 91, 37, 14, 28, 23, 94, 78, 115, 99, 30, 53, 34, 3, 41, 105, 52, 57, 48, 71, 90, 119, 50, 59, 54, 5, 101, 9, 13, 66, 12, 95, 121, 43, 39, 46, 22, 36, 21, 92, 117, 19, 79, 45, 32, 20, 17, 7, 107, 125, 113, 120, 77, 65, 84, 89, 124, 58, 29, 82, 2, 116, 111, 114, 27, 61, 104, 127, 15, 44, 4, 10, 108, 60, 87, 85, 68, 63, 123, 128, 75, 49, 129, 70, 38, 40, 0], Length: 7500
2023-12-09 22:13:35,562 - INFO - Updated score for Cheapest_Insertion_Ini: 0.9
2023-12-09 22:13:35,562 - INFO - Updated score for Worst_Removal: 0.9
2023-12-09 22:13:35,562 - INFO - Updated score for Random_Insertion: 0.9
2023-12-09 22:13:35,562 - INFO - 
2023-12-09 22:13:35,562 - INFO - Iteration 1: Length of Tour = 7500
2023-12-09 22:13:35,562 - INFO - Best Tour: = [0, 1, 16, 33, 26, 18, 103, 126, 106, 42, 69, 96, 25, 6, 62, 67, 47, 24, 31, 83, 118, 35, 112, 97, 109, 88, 93, 76, 55, 102, 80, 11, 86, 64, 110, 122, 100, 81, 56, 8, 72, 51, 74, 73, 98, 91, 37, 14, 28, 23, 94, 78, 115, 99, 30, 53, 34, 3, 41, 105, 52, 57, 48, 71, 90, 119, 50, 59, 54, 5, 101, 9, 13, 66, 12, 95, 121, 43, 39, 46, 22, 36, 21, 92, 117, 19, 79, 45, 32, 20, 17, 7, 107, 125, 113, 120, 77, 65, 84, 89, 124, 58, 29, 82, 2, 116, 111, 114, 27, 61, 104, 127, 15, 44, 4, 10, 108, 60, 87, 85, 68, 63, 123, 128, 75, 49, 129, 70, 38, 40, 0]
2023-12-09 22:13:35,562 - INFO - Length of Best Tour: = 7500
2023-12-09 22:13:35,735 - INFO - Initial Tour: [0, 1, 2, 3, 4, 5, 6, 7, 8, 9, 10, 11, 12, 13, 14, 15, 16, 17, 18, 19, 20, 21, 22, 23, 24, 25, 26, 27, 28, 29, 30, 31, 32, 33, 34, 35, 36, 37, 38, 39, 40, 41, 42, 43, 44, 45, 46, 47, 48, 49, 50, 51, 52, 53, 54, 55, 56, 57, 58, 59, 60, 61, 62, 63, 64, 65, 66, 67, 68, 69, 70, 71, 72, 73, 74, 75, 76, 77, 78, 79, 80, 81, 82, 83, 84, 85, 86, 87, 88, 89, 90, 91, 92, 93, 94, 95, 96, 97, 98, 99, 100, 101, 102, 103, 104, 105, 106, 107, 108, 109, 110, 111, 112, 113, 114, 115, 116, 117, 118, 119, 120, 121, 122, 123, 124, 125, 126, 127, 128, 129, 0]
2023-12-09 22:13:35,735 - INFO - Tour after Removal: [0, 1, 3, 4, 5, 6, 7, 8, 9, 10, 11, 12, 13, 14, 15, 16, 17, 18, 19, 20, 21, 22, 23, 24, 25, 26, 27, 28, 29, 30, 31, 32, 33, 34, 35, 36, 37, 38, 39, 40, 41, 42, 43, 44, 45, 46, 47, 48, 49, 50, 51, 52, 53, 54, 55, 56, 57, 58, 59, 60, 61, 62, 63, 64, 65, 66, 67, 68, 69, 70, 71, 72, 73, 74, 75, 76, 77, 78, 79, 80, 81, 82, 83, 84, 85, 86, 87, 88, 89, 90, 91, 92, 93, 94, 95, 96, 97, 98, 99, 100, 101, 102, 103, 104, 105, 106, 107, 108, 109, 110, 111, 112, 113, 114, 115, 116, 117, 118, 119, 120, 121, 122, 123, 124, 125, 126, 127, 128, 129, 0], Removed Nodes: {2}
2023-12-09 22:13:35,736 - INFO - Tour after Insertion: [0, 1, 3, 4, 5, 6, 7, 8, 9, 10, 11, 12, 13, 14, 15, 16, 17, 18, 19, 20, 21, 22, 23, 24, 25, 26, 27, 28, 29, 2, 30, 31, 32, 33, 34, 35, 36, 37, 38, 39, 40, 41, 42, 43, 44, 45, 46, 47, 48, 49, 50, 51, 52, 53, 54, 55, 56, 57, 58, 59, 60, 61, 62, 63, 64, 65, 66, 67, 68, 69, 70, 71, 72, 73, 74, 75, 76, 77, 78, 79, 80, 81, 82, 83, 84, 85, 86, 87, 88, 89, 90, 91, 92, 93, 94, 95, 96, 97, 98, 99, 100, 101, 102, 103, 104, 105, 106, 107, 108, 109, 110, 111, 112, 113, 114, 115, 116, 117, 118, 119, 120, 121, 122, 123, 124, 125, 126, 127, 128, 129, 0]
2023-12-09 22:13:35,737 - INFO - Length of Current Tour: 47569
2023-12-09 22:13:35,737 - INFO - No improvement in this iteration.
2023-12-09 22:13:35,737 - INFO - Updated score for Minimum_Spanning_Tree_MST_Based_Heuristic: 0.9
2023-12-09 22:13:35,737 - INFO - Updated score for Shaw_Removal: 0.9
2023-12-09 22:13:35,737 - INFO - Updated score for Basic_Insertion: 0.9
2023-12-09 22:13:35,737 - INFO - 
2023-12-09 22:13:35,737 - INFO - Iteration 2: Length of Tour = 47569
2023-12-09 22:13:35,738 - INFO - Best Tour: = [0, 1, 16, 33, 26, 18, 103, 126, 106, 42, 69, 96, 25, 6, 62, 67, 47, 24, 31, 83, 118, 35, 112, 97, 109, 88, 93, 76, 55, 102, 80, 11, 86, 64, 110, 122, 100, 81, 56, 8, 72, 51, 74, 73, 98, 91, 37, 14, 28, 23, 94, 78, 115, 99, 30, 53, 34, 3, 41, 105, 52, 57, 48, 71, 90, 119, 50, 59, 54, 5, 101, 9, 13, 66, 12, 95, 121, 43, 39, 46, 22, 36, 21, 92, 117, 19, 79, 45, 32, 20, 17, 7, 107, 125, 113, 120, 77, 65, 84, 89, 124, 58, 29, 82, 2, 116, 111, 114, 27, 61, 104, 127, 15, 44, 4, 10, 108, 60, 87, 85, 68, 63, 123, 128, 75, 49, 129, 70, 38, 40, 0]
2023-12-09 22:13:35,738 - INFO - Length of Best Tour: = 7500
2023-12-09 22:13:38,309 - INFO - Initial Tour: [0, 1, 16, 33, 26, 18, 103, 126, 106, 42, 69, 96, 25, 6, 62, 67, 47, 24, 31, 83, 118, 35, 112, 97, 109, 88, 93, 76, 102, 80, 11, 86, 64, 55, 110, 122, 100, 81, 56, 8, 72, 51, 74, 73, 98, 91, 37, 14, 28, 23, 94, 78, 115, 99, 30, 53, 34, 3, 41, 105, 52, 57, 48, 71, 90, 119, 50, 59, 54, 5, 101, 9, 13, 66, 12, 95, 121, 43, 39, 46, 22, 36, 21, 92, 117, 19, 79, 45, 32, 20, 17, 7, 107, 125, 113, 120, 77, 65, 84, 89, 124, 58, 29, 82, 2, 116, 111, 114, 27, 61, 104, 127, 15, 44, 4, 10, 108, 60, 87, 85, 68, 63, 123, 128, 75, 49, 129, 70, 38, 40, 0]
2023-12-09 22:13:38,310 - INFO - Tour after Removal: [0, 1, 16, 33, 26, 18, 103, 126, 106, 42, 69, 96, 25, 6, 62, 67, 47, 24, 31, 83, 118, 35, 112, 97, 109, 88, 93, 76, 102, 80, 11, 86, 64, 55, 110, 122, 100, 81, 56, 8, 72, 51, 74, 73, 98, 91, 37, 14, 28, 23, 94, 78, 115, 99, 30, 53, 34, 3, 41, 105, 52, 48, 71, 90, 119, 50, 59, 54, 5, 101, 9, 13, 66, 12, 95, 121, 43, 39, 46, 22, 36, 21, 92, 117, 19, 79, 45, 32, 20, 17, 7, 107, 125, 113, 120, 77, 65, 84, 89, 124, 58, 29, 82, 2, 116, 111, 114, 27, 61, 104, 127, 15, 44, 4, 10, 108, 60, 87, 85, 68, 63, 123, 128, 75, 49, 129, 70, 38, 40, 0], Removed Nodes: {57}
2023-12-09 22:13:38,310 - INFO - Tour after Insertion: [0, 1, 16, 33, 26, 18, 103, 126, 106, 42, 69, 96, 25, 6, 62, 67, 47, 24, 31, 83, 118, 35, 112, 97, 109, 88, 93, 76, 102, 80, 11, 86, 64, 55, 110, 122, 100, 81, 56, 8, 72, 51, 74, 73, 98, 91, 37, 14, 28, 23, 94, 78, 115, 99, 30, 57, 53, 34, 3, 41, 105, 52, 48, 71, 90, 119, 50, 59, 54, 5, 101, 9, 13, 66, 12, 95, 121, 43, 39, 46, 22, 36, 21, 92, 117, 19, 79, 45, 32, 20, 17, 7, 107, 125, 113, 120, 77, 65, 84, 89, 124, 58, 29, 82, 2, 116, 111, 114, 27, 61, 104, 127, 15, 44, 4, 10, 108, 60, 87, 85, 68, 63, 123, 128, 75, 49, 129, 70, 38, 40, 0]
2023-12-09 22:13:38,311 - INFO - Length of Current Tour: 7684
2023-12-09 22:13:38,311 - INFO - No improvement in this iteration.
2023-12-09 22:13:38,311 - INFO - Updated score for Cheapest_Insertion_Ini: 0.8
2023-12-09 22:13:38,311 - INFO - Updated score for Shaw_Removal: 0.8
2023-12-09 22:13:38,311 - INFO - Updated score for Random_Insertion: 0.8
2023-12-09 22:13:38,311 - INFO - 
2023-12-09 22:13:38,311 - INFO - Iteration 3: Length of Tour = 7684
2023-12-09 22:13:38,311 - INFO - Best Tour: = [0, 1, 16, 33, 26, 18, 103, 126, 106, 42, 69, 96, 25, 6, 62, 67, 47, 24, 31, 83, 118, 35, 112, 97, 109, 88, 93, 76, 55, 102, 80, 11, 86, 64, 110, 122, 100, 81, 56, 8, 72, 51, 74, 73, 98, 91, 37, 14, 28, 23, 94, 78, 115, 99, 30, 53, 34, 3, 41, 105, 52, 57, 48, 71, 90, 119, 50, 59, 54, 5, 101, 9, 13, 66, 12, 95, 121, 43, 39, 46, 22, 36, 21, 92, 117, 19, 79, 45, 32, 20, 17, 7, 107, 125, 113, 120, 77, 65, 84, 89, 124, 58, 29, 82, 2, 116, 111, 114, 27, 61, 104, 127, 15, 44, 4, 10, 108, 60, 87, 85, 68, 63, 123, 128, 75, 49, 129, 70, 38, 40, 0]
2023-12-09 22:13:38,311 - INFO - Length of Best Tour: = 7500
2023-12-09 22:13:38,335 - INFO - Initial Tour: [0, 40, 38, 70, 129, 49, 1, 117, 79, 45, 19, 34, 53, 16, 30, 33, 26, 18, 99, 115, 23, 14, 28, 94, 78, 37, 105, 57, 48, 52, 119, 59, 50, 41, 43, 39, 46, 36, 21, 22, 121, 54, 13, 9, 66, 95, 12, 32, 20, 17, 7, 107, 113, 2, 82, 29, 58, 120, 77, 89, 124, 84, 65, 27, 114, 61, 104, 111, 116, 127, 15, 44, 75, 108, 60, 128, 123, 25, 96, 69, 6, 62, 67, 97, 109, 88, 93, 76, 102, 80, 11, 86, 64, 55, 56, 8, 51, 74, 73, 98, 72, 91, 71, 90, 5, 101, 92, 3, 125, 4, 10, 63, 68, 87, 85, 126, 106, 103, 42, 47, 24, 31, 112, 35, 83, 118, 110, 122, 100, 81, 0]
2023-12-09 22:13:38,336 - INFO - Tour after Removal: [0, 40, 38, 70, 129, 49, 1, 117, 79, 45, 19, 34, 53, 16, 30, 33, 26, 18, 99, 115, 23, 14, 28, 94, 78, 37, 105, 57, 48, 52, 119, 59, 50, 41, 43, 39, 46, 36, 21, 22, 121, 54, 13, 9, 66, 95, 12, 32, 20, 17, 7, 107, 113, 2, 82, 58, 120, 77, 89, 124, 84, 65, 27, 114, 61, 104, 111, 116, 127, 15, 44, 75, 108, 60, 128, 123, 25, 96, 69, 6, 62, 67, 97, 109, 88, 93, 76, 102, 80, 11, 86, 64, 55, 56, 8, 51, 74, 73, 98, 72, 91, 71, 90, 5, 101, 92, 3, 125, 4, 10, 63, 68, 87, 85, 126, 106, 103, 42, 47, 24, 31, 112, 35, 83, 118, 110, 122, 100, 81, 0], Removed Nodes: {29}
2023-12-09 22:13:38,337 - INFO - Tour after Insertion: [0, 40, 38, 70, 129, 49, 1, 117, 79, 45, 19, 34, 53, 16, 30, 33, 26, 18, 99, 115, 23, 14, 28, 94, 78, 37, 105, 57, 48, 52, 119, 59, 50, 41, 43, 39, 46, 36, 21, 22, 121, 54, 13, 9, 66, 95, 12, 32, 20, 17, 7, 107, 113, 2, 82, 29, 58, 120, 77, 89, 124, 84, 65, 27, 114, 61, 104, 111, 116, 127, 15, 44, 75, 108, 60, 128, 123, 25, 96, 69, 6, 62, 67, 97, 109, 88, 93, 76, 102, 80, 11, 86, 64, 55, 56, 8, 51, 74, 73, 98, 72, 91, 71, 90, 5, 101, 92, 3, 125, 4, 10, 63, 68, 87, 85, 126, 106, 103, 42, 47, 24, 31, 112, 35, 83, 118, 110, 122, 100, 81, 0]
2023-12-09 22:13:38,337 - INFO - Length of Current Tour: 7579
2023-12-09 22:13:38,338 - INFO - No improvement in this iteration.
2023-12-09 22:13:38,338 - INFO - Updated score for Nearest_Neighbor_Heuristic: 0.9
2023-12-09 22:13:38,338 - INFO - Updated score for Shaw_Removal: 0.7000000000000001
2023-12-09 22:13:38,338 - INFO - Updated score for Regret_2_Heuristic: 0.9
2023-12-09 22:13:38,338 - INFO - 
2023-12-09 22:13:38,338 - INFO - Iteration 4: Length of Tour = 7579
2023-12-09 22:13:38,338 - INFO - Best Tour: = [0, 1, 16, 33, 26, 18, 103, 126, 106, 42, 69, 96, 25, 6, 62, 67, 47, 24, 31, 83, 118, 35, 112, 97, 109, 88, 93, 76, 55, 102, 80, 11, 86, 64, 110, 122, 100, 81, 56, 8, 72, 51, 74, 73, 98, 91, 37, 14, 28, 23, 94, 78, 115, 99, 30, 53, 34, 3, 41, 105, 52, 57, 48, 71, 90, 119, 50, 59, 54, 5, 101, 9, 13, 66, 12, 95, 121, 43, 39, 46, 22, 36, 21, 92, 117, 19, 79, 45, 32, 20, 17, 7, 107, 125, 113, 120, 77, 65, 84, 89, 124, 58, 29, 82, 2, 116, 111, 114, 27, 61, 104, 127, 15, 44, 4, 10, 108, 60, 87, 85, 68, 63, 123, 128, 75, 49, 129, 70, 38, 40, 0]
2023-12-09 22:13:38,338 - INFO - Length of Best Tour: = 7500
2023-12-09 22:13:40,955 - INFO - Initial Tour: [0, 1, 16, 33, 26, 18, 103, 126, 106, 42, 69, 96, 25, 6, 62, 67, 47, 24, 31, 83, 118, 35, 112, 97, 109, 88, 93, 76, 102, 80, 11, 86, 64, 55, 110, 122, 100, 81, 56, 8, 72, 51, 74, 73, 98, 91, 37, 14, 28, 23, 94, 78, 115, 99, 30, 53, 34, 3, 41, 105, 52, 57, 48, 71, 90, 119, 50, 59, 54, 5, 101, 9, 13, 66, 12, 95, 121, 43, 39, 46, 22, 36, 21, 92, 117, 19, 79, 45, 32, 20, 17, 7, 107, 125, 113, 120, 77, 65, 84, 89, 124, 58, 29, 82, 2, 116, 111, 114, 27, 61, 104, 127, 15, 44, 4, 10, 108, 60, 87, 85, 68, 63, 123, 128, 75, 49, 129, 70, 38, 40, 0]
2023-12-09 22:13:40,955 - INFO - Tour after Removal: [0, 1, 16, 33, 26, 18, 103, 126, 106, 42, 69, 96, 25, 6, 62, 67, 47, 24, 31, 83, 118, 35, 112, 97, 109, 88, 93, 76, 102, 80, 11, 86, 64, 55, 110, 122, 100, 81, 56, 8, 72, 51, 74, 73, 98, 37, 14, 28, 23, 94, 78, 115, 99, 30, 53, 34, 3, 41, 105, 52, 57, 48, 71, 90, 119, 50, 59, 54, 5, 101, 9, 13, 66, 12, 95, 121, 43, 39, 46, 22, 36, 21, 92, 117, 19, 79, 45, 32, 20, 17, 7, 107, 125, 113, 120, 77, 65, 84, 89, 124, 58, 29, 82, 2, 116, 111, 114, 27, 61, 104, 127, 15, 44, 4, 10, 108, 60, 87, 85, 68, 63, 123, 128, 75, 49, 129, 70, 38, 40, 0], Removed Nodes: [91]
2023-12-09 22:13:40,956 - INFO - Tour after Insertion: [0, 1, 16, 33, 26, 18, 103, 126, 106, 42, 69, 96, 25, 6, 62, 67, 47, 24, 31, 83, 118, 35, 112, 97, 109, 88, 93, 76, 102, 80, 11, 86, 64, 55, 110, 122, 100, 81, 56, 8, 72, 51, 74, 73, 98, 91, 37, 14, 28, 23, 94, 78, 115, 99, 30, 53, 34, 3, 41, 105, 52, 57, 48, 71, 90, 119, 50, 59, 54, 5, 101, 9, 13, 66, 12, 95, 121, 43, 39, 46, 22, 36, 21, 92, 117, 19, 79, 45, 32, 20, 17, 7, 107, 125, 113, 120, 77, 65, 84, 89, 124, 58, 29, 82, 2, 116, 111, 114, 27, 61, 104, 127, 15, 44, 4, 10, 108, 60, 87, 85, 68, 63, 123, 128, 75, 49, 129, 70, 38, 40, 0]
2023-12-09 22:13:40,957 - INFO - Length of Current Tour: 7301
2023-12-09 22:13:40,957 - INFO - New Best Tour Found: [0, 1, 16, 33, 26, 18, 103, 126, 106, 42, 69, 96, 25, 6, 62, 67, 47, 24, 31, 83, 118, 35, 112, 97, 109, 88, 93, 76, 102, 80, 11, 86, 64, 55, 110, 122, 100, 81, 56, 8, 72, 51, 74, 73, 98, 91, 37, 14, 28, 23, 94, 78, 115, 99, 30, 53, 34, 3, 41, 105, 52, 57, 48, 71, 90, 119, 50, 59, 54, 5, 101, 9, 13, 66, 12, 95, 121, 43, 39, 46, 22, 36, 21, 92, 117, 19, 79, 45, 32, 20, 17, 7, 107, 125, 113, 120, 77, 65, 84, 89, 124, 58, 29, 82, 2, 116, 111, 114, 27, 61, 104, 127, 15, 44, 4, 10, 108, 60, 87, 85, 68, 63, 123, 128, 75, 49, 129, 70, 38, 40, 0], Length: 7301
2023-12-09 22:13:40,957 - INFO - Updated score for Cheapest_Insertion_Ini: 0.7000000000000001
2023-12-09 22:13:40,957 - INFO - Updated score for Random_Removal: 0.9
2023-12-09 22:13:40,957 - INFO - Updated score for farthest_insertion: 0.9
2023-12-09 22:13:40,957 - INFO - 
2023-12-09 22:13:40,958 - INFO - Iteration 5: Length of Tour = 7301
2023-12-09 22:13:40,958 - INFO - Best Tour: = [0, 1, 16, 33, 26, 18, 103, 126, 106, 42, 69, 96, 25, 6, 62, 67, 47, 24, 31, 83, 118, 35, 112, 97, 109, 88, 93, 76, 102, 80, 11, 86, 64, 55, 110, 122, 100, 81, 56, 8, 72, 51, 74, 73, 98, 91, 37, 14, 28, 23, 94, 78, 115, 99, 30, 53, 34, 3, 41, 105, 52, 57, 48, 71, 90, 119, 50, 59, 54, 5, 101, 9, 13, 66, 12, 95, 121, 43, 39, 46, 22, 36, 21, 92, 117, 19, 79, 45, 32, 20, 17, 7, 107, 125, 113, 120, 77, 65, 84, 89, 124, 58, 29, 82, 2, 116, 111, 114, 27, 61, 104, 127, 15, 44, 4, 10, 108, 60, 87, 85, 68, 63, 123, 128, 75, 49, 129, 70, 38, 40, 0]
2023-12-09 22:13:40,958 - INFO - Length of Best Tour: = 7301
2023-12-09 22:13:41,875 - INFO - Initial Tour: [0, 15, 44, 4, 10, 75, 108, 60, 128, 123, 63, 68, 85, 87, 25, 96, 6, 69, 126, 106, 103, 42, 62, 67, 47, 24, 97, 109, 88, 18, 26, 33, 16, 30, 99, 14, 23, 115, 78, 94, 28, 93, 112, 31, 35, 83, 118, 110, 122, 100, 81, 56, 8, 55, 11, 86, 80, 76, 102, 64, 51, 74, 73, 98, 72, 91, 37, 105, 57, 48, 71, 90, 5, 101, 119, 52, 3, 41, 43, 50, 59, 54, 121, 39, 46, 92, 36, 21, 22, 9, 13, 95, 66, 12, 32, 20, 120, 77, 58, 125, 45, 79, 117, 53, 34, 19, 17, 7, 107, 113, 2, 29, 89, 124, 84, 65, 27, 114, 82, 116, 111, 61, 104, 127, 38, 70, 49, 1, 129, 40, 0]
2023-12-09 22:13:41,876 - INFO - Tour after Removal: [0, 15, 44, 4, 10, 75, 108, 60, 128, 123, 63, 68, 85, 87, 25, 96, 6, 69, 126, 106, 103, 42, 62, 67, 47, 24, 97, 109, 88, 18, 26, 33, 16, 30, 99, 14, 23, 115, 78, 94, 28, 93, 112, 31, 35, 83, 110, 122, 100, 81, 56, 8, 55, 11, 86, 80, 76, 102, 64, 51, 74, 73, 98, 72, 91, 37, 105, 57, 48, 71, 90, 5, 101, 119, 52, 3, 41, 43, 50, 59, 54, 121, 39, 46, 92, 36, 21, 22, 9, 13, 95, 66, 12, 32, 20, 120, 77, 58, 125, 45, 79, 117, 53, 34, 19, 17, 7, 107, 113, 2, 29, 89, 124, 84, 65, 27, 114, 82, 116, 111, 61, 104, 127, 38, 70, 49, 1, 129, 40, 0], Removed Nodes: [118]
2023-12-09 22:13:41,877 - INFO - Tour after Insertion: [0, 15, 44, 4, 10, 75, 108, 60, 128, 123, 63, 68, 85, 87, 25, 96, 6, 69, 126, 106, 103, 42, 62, 67, 47, 24, 97, 109, 88, 18, 26, 33, 16, 30, 99, 14, 23, 115, 78, 94, 28, 93, 112, 31, 35, 83, 118, 110, 122, 100, 81, 56, 8, 55, 11, 86, 80, 76, 102, 64, 51, 74, 73, 98, 72, 91, 37, 105, 57, 48, 71, 90, 5, 101, 119, 52, 3, 41, 43, 50, 59, 54, 121, 39, 46, 92, 36, 21, 22, 9, 13, 95, 66, 12, 32, 20, 120, 77, 58, 125, 45, 79, 117, 53, 34, 19, 17, 7, 107, 113, 2, 29, 89, 124, 84, 65, 27, 114, 82, 116, 111, 61, 104, 127, 38, 70, 49, 1, 129, 40, 0]
2023-12-09 22:13:41,878 - INFO - Length of Current Tour: 6994
2023-12-09 22:13:41,878 - INFO - New Best Tour Found: [0, 15, 44, 4, 10, 75, 108, 60, 128, 123, 63, 68, 85, 87, 25, 96, 6, 69, 126, 106, 103, 42, 62, 67, 47, 24, 97, 109, 88, 18, 26, 33, 16, 30, 99, 14, 23, 115, 78, 94, 28, 93, 112, 31, 35, 83, 118, 110, 122, 100, 81, 56, 8, 55, 11, 86, 80, 76, 102, 64, 51, 74, 73, 98, 72, 91, 37, 105, 57, 48, 71, 90, 5, 101, 119, 52, 3, 41, 43, 50, 59, 54, 121, 39, 46, 92, 36, 21, 22, 9, 13, 95, 66, 12, 32, 20, 120, 77, 58, 125, 45, 79, 117, 53, 34, 19, 17, 7, 107, 113, 2, 29, 89, 124, 84, 65, 27, 114, 82, 116, 111, 61, 104, 127, 38, 70, 49, 1, 129, 40, 0], Length: 6994
2023-12-09 22:13:41,878 - INFO - Updated score for Farthest_Insertion: 0.9
2023-12-09 22:13:41,878 - INFO - Updated score for Worst_Removal: 0.8
2023-12-09 22:13:41,878 - INFO - Updated score for Regret_2_Heuristic: 0.8
2023-12-09 22:13:41,878 - INFO - 
2023-12-09 22:13:41,878 - INFO - Iteration 6: Length of Tour = 6994
2023-12-09 22:13:41,878 - INFO - Best Tour: = [0, 15, 44, 4, 10, 75, 108, 60, 128, 123, 63, 68, 85, 87, 25, 96, 6, 69, 126, 106, 103, 42, 62, 67, 47, 24, 97, 109, 88, 18, 26, 33, 16, 30, 99, 14, 23, 115, 78, 94, 28, 93, 112, 31, 35, 83, 118, 110, 122, 100, 81, 56, 8, 55, 11, 86, 80, 76, 102, 64, 51, 74, 73, 98, 72, 91, 37, 105, 57, 48, 71, 90, 5, 101, 119, 52, 3, 41, 43, 50, 59, 54, 121, 39, 46, 92, 36, 21, 22, 9, 13, 95, 66, 12, 32, 20, 120, 77, 58, 125, 45, 79, 117, 53, 34, 19, 17, 7, 107, 113, 2, 29, 89, 124, 84, 65, 27, 114, 82, 116, 111, 61, 104, 127, 38, 70, 49, 1, 129, 40, 0]
2023-12-09 22:13:41,878 - INFO - Length of Best Tour: = 6994
2023-12-09 22:13:44,443 - INFO - Initial Tour: [0, 1, 16, 33, 26, 18, 103, 126, 106, 42, 69, 96, 25, 6, 62, 67, 47, 24, 31, 83, 118, 35, 112, 97, 109, 88, 93, 76, 102, 80, 11, 86, 64, 55, 110, 122, 100, 81, 56, 8, 72, 51, 74, 73, 98, 91, 37, 14, 28, 23, 94, 78, 115, 99, 30, 53, 34, 3, 41, 105, 52, 57, 48, 71, 90, 119, 50, 59, 54, 5, 101, 9, 13, 66, 12, 95, 121, 43, 39, 46, 22, 36, 21, 92, 117, 19, 79, 45, 32, 20, 17, 7, 107, 125, 113, 120, 77, 65, 84, 89, 124, 58, 29, 82, 2, 116, 111, 114, 27, 61, 104, 127, 15, 44, 4, 10, 108, 60, 87, 85, 68, 63, 123, 128, 75, 49, 129, 70, 38, 40, 0]
2023-12-09 22:13:44,443 - INFO - Tour after Removal: [0, 1, 16, 33, 26, 18, 103, 126, 106, 42, 69, 96, 25, 6, 62, 67, 47, 24, 31, 83, 118, 35, 112, 97, 109, 88, 93, 76, 102, 80, 11, 86, 64, 55, 110, 122, 100, 81, 56, 8, 72, 51, 74, 73, 98, 91, 37, 14, 28, 23, 94, 78, 115, 99, 30, 53, 34, 3, 41, 105, 52, 57, 48, 71, 90, 119, 50, 59, 54, 5, 101, 9, 13, 66, 12, 95, 121, 43, 39, 46, 22, 36, 21, 92, 117, 19, 79, 45, 32, 20, 17, 107, 125, 113, 120, 77, 65, 84, 89, 124, 58, 29, 82, 2, 116, 111, 114, 27, 61, 104, 127, 15, 44, 4, 10, 108, 60, 87, 85, 68, 63, 123, 128, 75, 49, 129, 70, 38, 40, 0], Removed Nodes: [7]
2023-12-09 22:13:44,445 - INFO - Tour after Insertion: [0, 1, 16, 33, 26, 18, 103, 126, 106, 42, 69, 96, 25, 6, 62, 67, 47, 24, 31, 83, 118, 35, 112, 97, 109, 88, 93, 76, 102, 80, 11, 86, 64, 55, 110, 122, 100, 81, 56, 8, 72, 51, 74, 73, 98, 91, 37, 14, 28, 23, 94, 78, 115, 99, 30, 53, 34, 3, 41, 105, 52, 57, 48, 71, 90, 119, 50, 59, 54, 5, 101, 9, 13, 66, 12, 95, 121, 43, 39, 46, 22, 36, 21, 92, 117, 19, 79, 45, 32, 20, 17, 107, 7, 125, 113, 120, 77, 65, 84, 89, 124, 58, 29, 82, 2, 116, 111, 114, 27, 61, 104, 127, 15, 44, 4, 10, 108, 60, 87, 85, 68, 63, 123, 128, 75, 49, 129, 70, 38, 40, 0]
2023-12-09 22:13:44,445 - INFO - Length of Current Tour: 7300
2023-12-09 22:13:44,445 - INFO - No improvement in this iteration.
2023-12-09 22:13:44,445 - INFO - Updated score for Cheapest_Insertion_Ini: 0.6000000000000001
2023-12-09 22:13:44,445 - INFO - Updated score for Random_Removal: 0.8
2023-12-09 22:13:44,446 - INFO - Updated score for Regret_2_Heuristic: 0.7000000000000001
2023-12-09 22:13:44,446 - INFO - 
2023-12-09 22:13:44,446 - INFO - Iteration 7: Length of Tour = 7300
2023-12-09 22:13:44,446 - INFO - Best Tour: = [0, 15, 44, 4, 10, 75, 108, 60, 128, 123, 63, 68, 85, 87, 25, 96, 6, 69, 126, 106, 103, 42, 62, 67, 47, 24, 97, 109, 88, 18, 26, 33, 16, 30, 99, 14, 23, 115, 78, 94, 28, 93, 112, 31, 35, 83, 118, 110, 122, 100, 81, 56, 8, 55, 11, 86, 80, 76, 102, 64, 51, 74, 73, 98, 72, 91, 37, 105, 57, 48, 71, 90, 5, 101, 119, 52, 3, 41, 43, 50, 59, 54, 121, 39, 46, 92, 36, 21, 22, 9, 13, 95, 66, 12, 32, 20, 120, 77, 58, 125, 45, 79, 117, 53, 34, 19, 17, 7, 107, 113, 2, 29, 89, 124, 84, 65, 27, 114, 82, 116, 111, 61, 104, 127, 38, 70, 49, 1, 129, 40, 0]
2023-12-09 22:13:44,446 - INFO - Length of Best Tour: = 6994
2023-12-09 22:13:44,629 - INFO - Initial Tour: [0, 128, 118, 121, 111, 119, 104, 120, 103, 98, 96, 106, 93, 100, 88, 95, 84, 83, 82, 90, 78, 122, 77, 92, 73, 89, 69, 70, 68, 67, 65, 127, 64, 115, 63, 117, 62, 74, 61, 105, 60, 58, 109, 56, 113, 55, 116, 54, 129, 52, 79, 51, 99, 50, 112, 49, 76, 47, 97, 45, 86, 44, 102, 42, 80, 40, 59, 39, 66, 38, 75, 36, 101, 35, 53, 33, 124, 32, 37, 31, 43, 30, 123, 29, 125, 27, 126, 26, 72, 25, 108, 23, 91, 22, 85, 20, 34, 19, 21, 18, 114, 17, 46, 16, 107, 15, 87, 14, 41, 13, 81, 12, 24, 10, 48, 8, 28, 7, 57, 6, 94, 5, 71, 4, 9, 3, 110, 2, 11, 1, 0]
2023-12-09 22:13:44,629 - INFO - Tour after Removal: [0, 128, 118, 121, 111, 119, 104, 120, 103, 98, 96, 106, 93, 100, 88, 95, 84, 83, 82, 90, 78, 122, 77, 92, 73, 89, 69, 70, 68, 67, 65, 127, 64, 115, 63, 117, 62, 74, 61, 105, 60, 58, 109, 56, 113, 55, 116, 54, 129, 52, 79, 51, 99, 50, 112, 49, 76, 47, 97, 45, 86, 44, 102, 42, 80, 40, 59, 39, 66, 38, 75, 36, 101, 35, 53, 33, 124, 32, 37, 31, 43, 30, 123, 29, 125, 27, 126, 26, 72, 25, 108, 23, 91, 22, 85, 20, 34, 19, 21, 18, 114, 17, 46, 107, 15, 87, 14, 41, 13, 81, 12, 24, 10, 48, 8, 28, 7, 57, 6, 94, 5, 71, 4, 9, 3, 110, 2, 11, 1, 0], Removed Nodes: [16]
2023-12-09 22:13:44,630 - INFO - Tour after Insertion: [0, 128, 118, 121, 111, 119, 104, 120, 103, 98, 96, 106, 93, 100, 88, 95, 84, 83, 82, 90, 78, 122, 77, 92, 73, 89, 69, 70, 68, 67, 65, 127, 64, 115, 63, 117, 62, 74, 61, 105, 60, 58, 109, 56, 113, 55, 116, 54, 129, 52, 79, 51, 99, 50, 112, 49, 76, 47, 97, 16, 45, 86, 44, 102, 42, 80, 40, 59, 39, 66, 38, 75, 36, 101, 35, 53, 33, 124, 32, 37, 31, 43, 30, 123, 29, 125, 27, 126, 26, 72, 25, 108, 23, 91, 22, 85, 20, 34, 19, 21, 18, 114, 17, 46, 107, 15, 87, 14, 41, 13, 81, 12, 24, 10, 48, 8, 28, 7, 57, 6, 94, 5, 71, 4, 9, 3, 110, 2, 11, 1, 0]
2023-12-09 22:13:44,631 - INFO - Length of Current Tour: 48100
2023-12-09 22:13:44,631 - INFO - No improvement in this iteration.
2023-12-09 22:13:44,631 - INFO - Updated score for Christofides_Algorithm: 0.9
2023-12-09 22:13:44,631 - INFO - Updated score for Random_Removal: 0.7000000000000001
2023-12-09 22:13:44,631 - INFO - Updated score for Cheapest_Insertion: 0.9
2023-12-09 22:13:44,631 - INFO - 
2023-12-09 22:13:44,631 - INFO - Iteration 8: Length of Tour = 48100
2023-12-09 22:13:44,631 - INFO - Best Tour: = [0, 15, 44, 4, 10, 75, 108, 60, 128, 123, 63, 68, 85, 87, 25, 96, 6, 69, 126, 106, 103, 42, 62, 67, 47, 24, 97, 109, 88, 18, 26, 33, 16, 30, 99, 14, 23, 115, 78, 94, 28, 93, 112, 31, 35, 83, 118, 110, 122, 100, 81, 56, 8, 55, 11, 86, 80, 76, 102, 64, 51, 74, 73, 98, 72, 91, 37, 105, 57, 48, 71, 90, 5, 101, 119, 52, 3, 41, 43, 50, 59, 54, 121, 39, 46, 92, 36, 21, 22, 9, 13, 95, 66, 12, 32, 20, 120, 77, 58, 125, 45, 79, 117, 53, 34, 19, 17, 7, 107, 113, 2, 29, 89, 124, 84, 65, 27, 114, 82, 116, 111, 61, 104, 127, 38, 70, 49, 1, 129, 40, 0]
2023-12-09 22:13:44,631 - INFO - Length of Best Tour: = 6994
2023-12-09 22:13:44,836 - INFO - Initial Tour: [0, 128, 114, 119, 107, 111, 102, 101, 100, 97, 94, 103, 88, 110, 86, 122, 83, 120, 82, 121, 81, 109, 79, 76, 108, 75, 126, 74, 99, 72, 116, 70, 78, 66, 105, 64, 89, 63, 125, 62, 112, 61, 67, 60, 90, 58, 129, 57, 95, 56, 65, 54, 91, 52, 113, 50, 92, 49, 85, 48, 93, 47, 124, 46, 106, 44, 53, 41, 87, 40, 117, 39, 118, 38, 45, 36, 104, 33, 34, 32, 55, 31, 35, 30, 69, 29, 51, 28, 43, 26, 68, 25, 37, 23, 115, 22, 123, 21, 80, 20, 96, 19, 24, 15, 98, 14, 73, 13, 16, 11, 17, 10, 42, 9, 12, 8, 18, 7, 27, 6, 84, 5, 127, 4, 77, 3, 71, 2, 59, 1, 0]
2023-12-09 22:13:44,836 - INFO - Tour after Removal: [0, 128, 114, 119, 107, 111, 102, 101, 100, 97, 94, 103, 88, 110, 86, 122, 83, 120, 82, 121, 81, 109, 79, 76, 108, 75, 126, 74, 99, 72, 116, 70, 78, 66, 105, 64, 89, 63, 125, 62, 112, 61, 67, 60, 90, 58, 129, 57, 95, 56, 65, 54, 91, 52, 113, 50, 92, 49, 85, 48, 93, 47, 124, 46, 106, 44, 53, 41, 87, 40, 117, 39, 118, 38, 45, 36, 104, 33, 34, 32, 55, 31, 35, 30, 69, 29, 51, 28, 43, 26, 68, 25, 37, 23, 115, 22, 123, 21, 80, 20, 96, 19, 24, 15, 98, 14, 73, 13, 16, 11, 17, 10, 42, 9, 12, 8, 18, 7, 27, 6, 84, 5, 127, 4, 77, 3, 2, 59, 1, 0], Removed Nodes: [71]
2023-12-09 22:13:44,838 - INFO - Tour after Insertion: [0, 128, 114, 119, 107, 111, 102, 101, 71, 100, 97, 94, 103, 88, 110, 86, 122, 83, 120, 82, 121, 81, 109, 79, 76, 108, 75, 126, 74, 99, 72, 116, 70, 78, 66, 105, 64, 89, 63, 125, 62, 112, 61, 67, 60, 90, 58, 129, 57, 95, 56, 65, 54, 91, 52, 113, 50, 92, 49, 85, 48, 93, 47, 124, 46, 106, 44, 53, 41, 87, 40, 117, 39, 118, 38, 45, 36, 104, 33, 34, 32, 55, 31, 35, 30, 69, 29, 51, 28, 43, 26, 68, 25, 37, 23, 115, 22, 123, 21, 80, 20, 96, 19, 24, 15, 98, 14, 73, 13, 16, 11, 17, 10, 42, 9, 12, 8, 18, 7, 27, 6, 84, 5, 127, 4, 77, 3, 2, 59, 1, 0]
2023-12-09 22:13:44,838 - INFO - Length of Current Tour: 44831
2023-12-09 22:13:44,838 - INFO - No improvement in this iteration.
2023-12-09 22:13:44,838 - INFO - Updated score for Christofides_Algorithm: 0.8
2023-12-09 22:13:44,838 - INFO - Updated score for Random_Removal: 0.6000000000000001
2023-12-09 22:13:44,839 - INFO - Updated score for Regret_3_Heuristic: 0.9
2023-12-09 22:13:44,839 - INFO - 
2023-12-09 22:13:44,839 - INFO - Iteration 9: Length of Tour = 44831
2023-12-09 22:13:44,839 - INFO - Best Tour: = [0, 15, 44, 4, 10, 75, 108, 60, 128, 123, 63, 68, 85, 87, 25, 96, 6, 69, 126, 106, 103, 42, 62, 67, 47, 24, 97, 109, 88, 18, 26, 33, 16, 30, 99, 14, 23, 115, 78, 94, 28, 93, 112, 31, 35, 83, 118, 110, 122, 100, 81, 56, 8, 55, 11, 86, 80, 76, 102, 64, 51, 74, 73, 98, 72, 91, 37, 105, 57, 48, 71, 90, 5, 101, 119, 52, 3, 41, 43, 50, 59, 54, 121, 39, 46, 92, 36, 21, 22, 9, 13, 95, 66, 12, 32, 20, 120, 77, 58, 125, 45, 79, 117, 53, 34, 19, 17, 7, 107, 113, 2, 29, 89, 124, 84, 65, 27, 114, 82, 116, 111, 61, 104, 127, 38, 70, 49, 1, 129, 40, 0]
2023-12-09 22:13:44,839 - INFO - Length of Best Tour: = 6994
2023-12-09 22:13:44,863 - INFO - Initial Tour: [0, 40, 38, 70, 129, 49, 1, 117, 79, 45, 19, 34, 53, 16, 30, 33, 26, 18, 99, 115, 23, 14, 28, 94, 78, 37, 105, 57, 48, 52, 119, 59, 50, 41, 43, 39, 46, 36, 21, 22, 121, 54, 13, 9, 66, 95, 12, 32, 20, 17, 7, 107, 113, 2, 82, 29, 58, 120, 77, 89, 124, 84, 65, 27, 114, 61, 104, 111, 116, 127, 15, 44, 75, 108, 60, 128, 123, 25, 96, 69, 6, 62, 67, 97, 109, 88, 93, 76, 102, 80, 11, 86, 64, 55, 56, 8, 51, 74, 73, 98, 72, 91, 71, 90, 5, 101, 92, 3, 125, 4, 10, 63, 68, 87, 85, 126, 106, 103, 42, 47, 24, 31, 112, 35, 83, 118, 110, 122, 100, 81, 0]
2023-12-09 22:13:44,863 - INFO - Tour after Removal: [0, 40, 38, 70, 129, 49, 1, 117, 79, 45, 19, 34, 53, 16, 30, 33, 26, 18, 99, 115, 23, 14, 28, 94, 78, 37, 105, 57, 48, 52, 119, 59, 50, 41, 43, 39, 46, 36, 21, 22, 121, 54, 13, 9, 66, 95, 12, 32, 20, 17, 7, 107, 113, 2, 82, 29, 58, 120, 77, 89, 124, 84, 65, 27, 114, 61, 104, 111, 116, 127, 15, 44, 75, 108, 60, 128, 123, 25, 96, 6, 62, 67, 97, 109, 88, 93, 76, 102, 80, 11, 86, 64, 55, 56, 8, 51, 74, 73, 98, 72, 91, 71, 90, 5, 101, 92, 3, 125, 4, 10, 63, 68, 87, 85, 126, 106, 103, 42, 47, 24, 31, 112, 35, 83, 118, 110, 122, 100, 81, 0], Removed Nodes: {69}
2023-12-09 22:13:44,865 - INFO - Tour after Insertion: [0, 40, 38, 70, 129, 49, 1, 117, 79, 45, 19, 34, 53, 16, 30, 33, 26, 18, 99, 115, 23, 14, 28, 94, 78, 37, 105, 57, 48, 52, 119, 59, 50, 41, 43, 39, 46, 36, 21, 22, 121, 54, 13, 9, 66, 95, 12, 32, 20, 17, 7, 107, 113, 2, 82, 29, 58, 120, 77, 89, 124, 84, 65, 27, 114, 61, 104, 111, 116, 127, 15, 44, 75, 108, 60, 128, 123, 25, 96, 6, 69, 62, 67, 97, 109, 88, 93, 76, 102, 80, 11, 86, 64, 55, 56, 8, 51, 74, 73, 98, 72, 91, 71, 90, 5, 101, 92, 3, 125, 4, 10, 63, 68, 87, 85, 126, 106, 103, 42, 47, 24, 31, 112, 35, 83, 118, 110, 122, 100, 81, 0]
2023-12-09 22:13:44,865 - INFO - Length of Current Tour: 7558
2023-12-09 22:13:44,865 - INFO - No improvement in this iteration.
2023-12-09 22:13:44,865 - INFO - Updated score for Nearest_Neighbor_Heuristic: 0.8
2023-12-09 22:13:44,866 - INFO - Updated score for Shaw_Removal: 0.6000000000000001
2023-12-09 22:13:44,866 - INFO - Updated score for farthest_insertion: 0.8
2023-12-09 22:13:44,866 - INFO - 
2023-12-09 22:13:44,866 - INFO - Iteration 10: Length of Tour = 7558
2023-12-09 22:13:44,866 - INFO - Best Tour: = [0, 15, 44, 4, 10, 75, 108, 60, 128, 123, 63, 68, 85, 87, 25, 96, 6, 69, 126, 106, 103, 42, 62, 67, 47, 24, 97, 109, 88, 18, 26, 33, 16, 30, 99, 14, 23, 115, 78, 94, 28, 93, 112, 31, 35, 83, 118, 110, 122, 100, 81, 56, 8, 55, 11, 86, 80, 76, 102, 64, 51, 74, 73, 98, 72, 91, 37, 105, 57, 48, 71, 90, 5, 101, 119, 52, 3, 41, 43, 50, 59, 54, 121, 39, 46, 92, 36, 21, 22, 9, 13, 95, 66, 12, 32, 20, 120, 77, 58, 125, 45, 79, 117, 53, 34, 19, 17, 7, 107, 113, 2, 29, 89, 124, 84, 65, 27, 114, 82, 116, 111, 61, 104, 127, 38, 70, 49, 1, 129, 40, 0]
2023-12-09 22:13:44,866 - INFO - Length of Best Tour: = 6994
