2023-12-09 22:13:27,846 - INFO - Processing dataset: /Users/Mgh.Nasiri/Documents/1- Academic Documents/3- Laval Universitè/Diriges/Codes/Datasets/TSPLIB/ALL_tsp/eil101.tsp
2023-12-09 22:13:27,881 - INFO - Initial Tour: [0, 16, 86, 63, 81, 40, 54, 31, 37, 57, 9, 15, 49, 42, 10, 3, 25, 50, 47, 56, 72, 17, 76, 26, 53, 38, 35, 12, 33, 23, 79, 21, 99, 93, 29, 82, 62, 32, 67, 24, 96, 92, 41, 20, 75, 71, 22, 90, 100, 77, 95, 46, 1, 78, 59, 97, 7, 66, 51, 80, 69, 74, 14, 89, 18, 4, 60, 36, 27, 70, 73, 45, 19, 88, 94, 5, 30, 44, 55, 87, 65, 8, 52, 2, 48, 64, 13, 84, 91, 28, 98, 39, 34, 85, 83, 6, 58, 68, 11, 61, 43, 0]
2023-12-09 22:13:27,881 - INFO - Tour after Removal: [0, 16, 86, 63, 81, 40, 54, 31, 37, 57, 9, 15, 49, 42, 10, 3, 25, 50, 47, 56, 72, 17, 76, 26, 53, 35, 12, 33, 23, 79, 21, 99, 93, 29, 82, 62, 32, 67, 24, 96, 92, 41, 20, 75, 71, 22, 90, 100, 77, 95, 46, 1, 78, 59, 97, 7, 66, 51, 80, 69, 74, 14, 89, 18, 4, 60, 36, 27, 70, 73, 45, 19, 88, 94, 5, 30, 44, 55, 87, 65, 8, 52, 2, 48, 64, 13, 84, 91, 28, 98, 39, 34, 85, 83, 6, 58, 68, 11, 61, 43, 0], Removed Nodes: [38]
2023-12-09 22:13:27,882 - INFO - Tour after Insertion: [0, 16, 86, 63, 81, 40, 54, 31, 37, 57, 9, 15, 49, 42, 10, 3, 25, 50, 47, 56, 72, 17, 76, 26, 53, 35, 12, 33, 23, 79, 21, 99, 93, 29, 82, 62, 32, 67, 24, 96, 92, 41, 20, 75, 71, 22, 90, 100, 77, 95, 46, 1, 78, 59, 97, 7, 38, 66, 51, 80, 69, 74, 14, 89, 18, 4, 60, 36, 27, 70, 73, 45, 19, 88, 94, 5, 30, 44, 55, 87, 65, 8, 52, 2, 48, 64, 13, 84, 91, 28, 98, 39, 34, 85, 83, 6, 58, 68, 11, 61, 43, 0]
2023-12-09 22:13:27,883 - INFO - Length of Current Tour: 3415
2023-12-09 22:13:27,883 - INFO - New Best Tour Found: [0, 16, 86, 63, 81, 40, 54, 31, 37, 57, 9, 15, 49, 42, 10, 3, 25, 50, 47, 56, 72, 17, 76, 26, 53, 35, 12, 33, 23, 79, 21, 99, 93, 29, 82, 62, 32, 67, 24, 96, 92, 41, 20, 75, 71, 22, 90, 100, 77, 95, 46, 1, 78, 59, 97, 7, 38, 66, 51, 80, 69, 74, 14, 89, 18, 4, 60, 36, 27, 70, 73, 45, 19, 88, 94, 5, 30, 44, 55, 87, 65, 8, 52, 2, 48, 64, 13, 84, 91, 28, 98, 39, 34, 85, 83, 6, 58, 68, 11, 61, 43, 0], Length: 3415
2023-12-09 22:13:27,883 - INFO - Updated score for Randomized_Heuristics: 0.9
2023-12-09 22:13:27,883 - INFO - Updated score for Worst_Removal: 0.9
2023-12-09 22:13:27,883 - INFO - Updated score for Cheapest_Insertion: 0.9
2023-12-09 22:13:27,883 - INFO - 
2023-12-09 22:13:27,883 - INFO - Iteration 1: Length of Tour = 3415
2023-12-09 22:13:27,883 - INFO - Best Tour: = [0, 16, 86, 63, 81, 40, 54, 31, 37, 57, 9, 15, 49, 42, 10, 3, 25, 50, 47, 56, 72, 17, 76, 26, 53, 35, 12, 33, 23, 79, 21, 99, 93, 29, 82, 62, 32, 67, 24, 96, 92, 41, 20, 75, 71, 22, 90, 100, 77, 95, 46, 1, 78, 59, 97, 7, 38, 66, 51, 80, 69, 74, 14, 89, 18, 4, 60, 36, 27, 70, 73, 45, 19, 88, 94, 5, 30, 44, 55, 87, 65, 8, 52, 2, 48, 64, 13, 84, 91, 28, 98, 39, 34, 85, 83, 6, 58, 68, 11, 61, 43, 0]
2023-12-09 22:13:27,883 - INFO - Length of Best Tour: = 3415
2023-12-09 22:13:29,068 - INFO - Initial Tour: [0, 49, 32, 80, 50, 8, 70, 64, 34, 33, 77, 78, 2, 28, 23, 24, 54, 38, 66, 22, 55, 74, 40, 21, 73, 72, 20, 71, 3, 53, 79, 67, 76, 75, 11, 25, 27, 39, 57, 12, 1, 56, 14, 42, 41, 86, 96, 91, 58, 36, 97, 99, 90, 13, 37, 43, 85, 15, 60, 84, 92, 59, 82, 17, 51, 30, 87, 69, 29, 19, 65, 31, 89, 62, 9, 61, 10, 18, 63, 48, 35, 46, 6, 47, 81, 7, 45, 44, 16, 83, 4, 98, 95, 94, 93, 5, 88, 52, 100, 26, 68, 0]
2023-12-09 22:13:29,068 - INFO - Tour after Removal: [0, 49, 32, 50, 8, 70, 64, 34, 33, 77, 78, 2, 28, 23, 24, 54, 38, 66, 22, 55, 74, 40, 21, 73, 72, 20, 71, 3, 53, 79, 67, 76, 75, 11, 25, 27, 39, 57, 12, 1, 56, 14, 42, 41, 86, 96, 91, 58, 36, 97, 99, 90, 13, 37, 43, 85, 15, 60, 84, 92, 59, 82, 17, 51, 30, 87, 69, 29, 19, 65, 31, 89, 62, 9, 61, 10, 18, 63, 48, 35, 46, 6, 47, 81, 7, 45, 44, 16, 83, 4, 98, 95, 94, 93, 5, 88, 52, 100, 26, 68, 0], Removed Nodes: [80]
2023-12-09 22:13:29,069 - INFO - Tour after Insertion: [0, 49, 32, 80, 50, 8, 70, 64, 34, 33, 77, 78, 2, 28, 23, 24, 54, 38, 66, 22, 55, 74, 40, 21, 73, 72, 20, 71, 3, 53, 79, 67, 76, 75, 11, 25, 27, 39, 57, 12, 1, 56, 14, 42, 41, 86, 96, 91, 58, 36, 97, 99, 90, 13, 37, 43, 85, 15, 60, 84, 92, 59, 82, 17, 51, 30, 87, 69, 29, 19, 65, 31, 89, 62, 9, 61, 10, 18, 63, 48, 35, 46, 6, 47, 81, 7, 45, 44, 16, 83, 4, 98, 95, 94, 93, 5, 88, 52, 100, 26, 68, 0]
2023-12-09 22:13:29,069 - INFO - Length of Current Tour: 692
2023-12-09 22:13:29,069 - INFO - New Best Tour Found: [0, 49, 32, 80, 50, 8, 70, 64, 34, 33, 77, 78, 2, 28, 23, 24, 54, 38, 66, 22, 55, 74, 40, 21, 73, 72, 20, 71, 3, 53, 79, 67, 76, 75, 11, 25, 27, 39, 57, 12, 1, 56, 14, 42, 41, 86, 96, 91, 58, 36, 97, 99, 90, 13, 37, 43, 85, 15, 60, 84, 92, 59, 82, 17, 51, 30, 87, 69, 29, 19, 65, 31, 89, 62, 9, 61, 10, 18, 63, 48, 35, 46, 6, 47, 81, 7, 45, 44, 16, 83, 4, 98, 95, 94, 93, 5, 88, 52, 100, 26, 68, 0], Length: 692
2023-12-09 22:13:29,069 - INFO - Updated score for Cheapest_Insertion_Ini: 0.9
2023-12-09 22:13:29,069 - INFO - Updated score for Random_Removal: 0.9
2023-12-09 22:13:29,070 - INFO - Updated score for Regret_2_Heuristic: 0.9
2023-12-09 22:13:29,070 - INFO - 
2023-12-09 22:13:29,070 - INFO - Iteration 2: Length of Tour = 692
2023-12-09 22:13:29,070 - INFO - Best Tour: = [0, 49, 32, 80, 50, 8, 70, 64, 34, 33, 77, 78, 2, 28, 23, 24, 54, 38, 66, 22, 55, 74, 40, 21, 73, 72, 20, 71, 3, 53, 79, 67, 76, 75, 11, 25, 27, 39, 57, 12, 1, 56, 14, 42, 41, 86, 96, 91, 58, 36, 97, 99, 90, 13, 37, 43, 85, 15, 60, 84, 92, 59, 82, 17, 51, 30, 87, 69, 29, 19, 65, 31, 89, 62, 9, 61, 10, 18, 63, 48, 35, 46, 6, 47, 81, 7, 45, 44, 16, 83, 4, 98, 95, 94, 93, 5, 88, 52, 100, 26, 68, 0]
2023-12-09 22:13:29,070 - INFO - Length of Best Tour: = 692
2023-12-09 22:13:29,176 - INFO - Initial Tour: [0, 1, 2, 3, 4, 5, 6, 7, 8, 9, 10, 11, 12, 13, 14, 15, 16, 17, 18, 19, 20, 21, 22, 23, 24, 25, 26, 27, 28, 29, 30, 31, 32, 33, 34, 35, 36, 37, 38, 39, 40, 41, 42, 43, 44, 45, 46, 47, 48, 49, 50, 51, 52, 53, 54, 55, 56, 57, 58, 59, 60, 61, 62, 63, 64, 65, 66, 67, 68, 69, 70, 71, 72, 73, 74, 75, 76, 77, 78, 79, 80, 81, 82, 83, 84, 85, 86, 87, 88, 89, 90, 91, 92, 93, 94, 95, 96, 97, 98, 99, 100, 0]
2023-12-09 22:13:29,177 - INFO - Tour after Removal: [0, 1, 2, 3, 4, 5, 6, 7, 8, 9, 10, 11, 12, 13, 14, 15, 16, 17, 18, 19, 20, 21, 22, 23, 24, 25, 26, 27, 28, 29, 30, 31, 32, 33, 34, 35, 36, 37, 38, 39, 40, 41, 42, 43, 44, 45, 46, 47, 48, 49, 50, 51, 52, 53, 54, 55, 56, 57, 58, 59, 60, 61, 62, 63, 64, 65, 66, 67, 68, 69, 70, 71, 73, 74, 75, 76, 77, 78, 79, 80, 81, 82, 83, 84, 85, 86, 87, 88, 89, 90, 91, 92, 93, 94, 95, 96, 97, 98, 99, 100, 0], Removed Nodes: [72]
2023-12-09 22:13:29,177 - INFO - Tour after Insertion: [0, 1, 2, 3, 4, 5, 6, 7, 8, 9, 10, 11, 12, 13, 14, 15, 16, 17, 18, 19, 20, 21, 22, 23, 72, 24, 25, 26, 27, 28, 29, 30, 31, 32, 33, 34, 35, 36, 37, 38, 39, 40, 41, 42, 43, 44, 45, 46, 47, 48, 49, 50, 51, 52, 53, 54, 55, 56, 57, 58, 59, 60, 61, 62, 63, 64, 65, 66, 67, 68, 69, 70, 71, 73, 74, 75, 76, 77, 78, 79, 80, 81, 82, 83, 84, 85, 86, 87, 88, 89, 90, 91, 92, 93, 94, 95, 96, 97, 98, 99, 100, 0]
2023-12-09 22:13:29,177 - INFO - Length of Current Tour: 2092
2023-12-09 22:13:29,177 - INFO - No improvement in this iteration.
2023-12-09 22:13:29,178 - INFO - Updated score for Minimum_Spanning_Tree_MST_Based_Heuristic: 0.9
2023-12-09 22:13:29,178 - INFO - Updated score for Random_Removal: 0.8
2023-12-09 22:13:29,178 - INFO - Updated score for Random_Insertion: 0.9
2023-12-09 22:13:29,178 - INFO - 
2023-12-09 22:13:29,178 - INFO - Iteration 3: Length of Tour = 2092
2023-12-09 22:13:29,178 - INFO - Best Tour: = [0, 49, 32, 80, 50, 8, 70, 64, 34, 33, 77, 78, 2, 28, 23, 24, 54, 38, 66, 22, 55, 74, 40, 21, 73, 72, 20, 71, 3, 53, 79, 67, 76, 75, 11, 25, 27, 39, 57, 12, 1, 56, 14, 42, 41, 86, 96, 91, 58, 36, 97, 99, 90, 13, 37, 43, 85, 15, 60, 84, 92, 59, 82, 17, 51, 30, 87, 69, 29, 19, 65, 31, 89, 62, 9, 61, 10, 18, 63, 48, 35, 46, 6, 47, 81, 7, 45, 44, 16, 83, 4, 98, 95, 94, 93, 5, 88, 52, 100, 26, 68, 0]
2023-12-09 22:13:29,178 - INFO - Length of Best Tour: = 692
2023-12-09 22:13:29,192 - INFO - Initial Tour: [0, 68, 26, 100, 52, 57, 39, 20, 72, 71, 73, 21, 40, 74, 55, 22, 38, 3, 53, 54, 24, 23, 28, 2, 76, 75, 49, 32, 80, 8, 50, 19, 29, 69, 30, 87, 6, 81, 47, 46, 35, 48, 18, 10, 61, 9, 89, 31, 62, 63, 45, 7, 44, 16, 83, 4, 59, 82, 17, 51, 88, 5, 93, 94, 96, 91, 58, 98, 95, 92, 84, 90, 99, 36, 97, 60, 15, 43, 13, 41, 86, 1, 56, 14, 42, 37, 85, 12, 25, 11, 79, 67, 78, 77, 33, 34, 70, 65, 64, 27, 66, 0]
2023-12-09 22:13:29,193 - INFO - Tour after Removal: [0, 68, 26, 100, 52, 57, 39, 20, 72, 71, 73, 21, 40, 74, 55, 22, 38, 3, 53, 54, 24, 23, 28, 2, 76, 75, 49, 32, 80, 8, 50, 19, 29, 69, 30, 87, 6, 81, 47, 46, 35, 48, 18, 10, 61, 9, 89, 31, 62, 63, 45, 7, 44, 16, 83, 4, 59, 82, 17, 51, 88, 5, 93, 94, 96, 91, 58, 98, 95, 92, 84, 90, 99, 36, 97, 60, 15, 43, 13, 41, 86, 1, 56, 14, 42, 37, 85, 12, 25, 11, 79, 67, 78, 77, 33, 34, 70, 65, 64, 66, 0], Removed Nodes: [27]
2023-12-09 22:13:29,194 - INFO - Tour after Insertion: [0, 68, 26, 100, 52, 57, 39, 20, 72, 71, 73, 21, 40, 74, 55, 22, 38, 3, 53, 54, 24, 23, 28, 2, 76, 75, 49, 32, 80, 8, 50, 19, 29, 69, 30, 87, 6, 81, 47, 46, 35, 48, 18, 10, 61, 9, 89, 31, 62, 63, 45, 7, 44, 16, 83, 4, 59, 82, 17, 51, 88, 5, 93, 94, 96, 91, 58, 98, 95, 92, 84, 90, 99, 36, 97, 60, 15, 43, 13, 41, 86, 1, 56, 14, 42, 37, 85, 12, 25, 11, 79, 67, 78, 77, 33, 34, 70, 65, 64, 66, 27, 0]
2023-12-09 22:13:29,195 - INFO - Length of Current Tour: 791
2023-12-09 22:13:29,195 - INFO - No improvement in this iteration.
2023-12-09 22:13:29,195 - INFO - Updated score for Nearest_Neighbor_Heuristic: 0.9
2023-12-09 22:13:29,195 - INFO - Updated score for Worst_Removal: 0.8
2023-12-09 22:13:29,195 - INFO - Updated score for farthest_insertion: 0.9
2023-12-09 22:13:29,195 - INFO - 
2023-12-09 22:13:29,195 - INFO - Iteration 4: Length of Tour = 791
2023-12-09 22:13:29,195 - INFO - Best Tour: = [0, 49, 32, 80, 50, 8, 70, 64, 34, 33, 77, 78, 2, 28, 23, 24, 54, 38, 66, 22, 55, 74, 40, 21, 73, 72, 20, 71, 3, 53, 79, 67, 76, 75, 11, 25, 27, 39, 57, 12, 1, 56, 14, 42, 41, 86, 96, 91, 58, 36, 97, 99, 90, 13, 37, 43, 85, 15, 60, 84, 92, 59, 82, 17, 51, 30, 87, 69, 29, 19, 65, 31, 89, 62, 9, 61, 10, 18, 63, 48, 35, 46, 6, 47, 81, 7, 45, 44, 16, 83, 4, 98, 95, 94, 93, 5, 88, 52, 100, 26, 68, 0]
2023-12-09 22:13:29,195 - INFO - Length of Best Tour: = 692
2023-12-09 22:13:29,308 - INFO - Initial Tour: [0, 87, 83, 95, 79, 75, 74, 96, 73, 81, 72, 77, 64, 76, 58, 84, 56, 80, 51, 54, 48, 68, 47, 67, 46, 55, 44, 60, 43, 97, 42, 78, 39, 98, 38, 49, 37, 89, 36, 69, 34, 62, 33, 59, 31, 61, 30, 63, 29, 40, 28, 91, 27, 66, 26, 88, 25, 41, 24, 50, 22, 32, 21, 35, 20, 45, 19, 94, 17, 65, 16, 92, 15, 85, 14, 70, 13, 90, 12, 100, 11, 23, 10, 52, 9, 53, 8, 71, 7, 18, 6, 57, 5, 86, 4, 93, 3, 82, 2, 99, 1, 0]
2023-12-09 22:13:29,308 - INFO - Tour after Removal: [0, 87, 83, 95, 79, 75, 74, 96, 73, 81, 72, 77, 64, 76, 58, 84, 56, 80, 51, 54, 48, 68, 47, 67, 46, 55, 44, 60, 43, 97, 42, 78, 39, 98, 38, 49, 37, 89, 36, 69, 34, 62, 33, 59, 31, 61, 30, 63, 29, 40, 28, 91, 27, 26, 88, 25, 41, 24, 50, 22, 32, 21, 35, 20, 45, 19, 94, 17, 65, 16, 92, 15, 85, 14, 70, 13, 90, 12, 100, 11, 23, 10, 52, 9, 53, 8, 71, 7, 18, 6, 57, 5, 86, 4, 93, 3, 82, 2, 99, 1, 0], Removed Nodes: [66]
2023-12-09 22:13:29,310 - INFO - Tour after Insertion: [0, 87, 83, 95, 79, 75, 74, 96, 73, 81, 72, 77, 64, 76, 58, 84, 56, 80, 51, 54, 48, 68, 47, 67, 46, 55, 44, 60, 43, 97, 42, 78, 39, 98, 38, 49, 37, 89, 36, 69, 34, 62, 33, 59, 31, 61, 30, 63, 29, 40, 28, 91, 27, 26, 88, 25, 41, 24, 50, 22, 66, 32, 21, 35, 20, 45, 19, 94, 17, 65, 16, 92, 15, 85, 14, 70, 13, 90, 12, 100, 11, 23, 10, 52, 9, 53, 8, 71, 7, 18, 6, 57, 5, 86, 4, 93, 3, 82, 2, 99, 1, 0]
2023-12-09 22:13:29,310 - INFO - Length of Current Tour: 3357
2023-12-09 22:13:29,310 - INFO - No improvement in this iteration.
2023-12-09 22:13:29,310 - INFO - Updated score for Christofides_Algorithm: 0.9
2023-12-09 22:13:29,310 - INFO - Updated score for Random_Removal: 0.7000000000000001
2023-12-09 22:13:29,310 - INFO - Updated score for farthest_insertion: 0.8
2023-12-09 22:13:29,310 - INFO - 
2023-12-09 22:13:29,310 - INFO - Iteration 5: Length of Tour = 3357
2023-12-09 22:13:29,310 - INFO - Best Tour: = [0, 49, 32, 80, 50, 8, 70, 64, 34, 33, 77, 78, 2, 28, 23, 24, 54, 38, 66, 22, 55, 74, 40, 21, 73, 72, 20, 71, 3, 53, 79, 67, 76, 75, 11, 25, 27, 39, 57, 12, 1, 56, 14, 42, 41, 86, 96, 91, 58, 36, 97, 99, 90, 13, 37, 43, 85, 15, 60, 84, 92, 59, 82, 17, 51, 30, 87, 69, 29, 19, 65, 31, 89, 62, 9, 61, 10, 18, 63, 48, 35, 46, 6, 47, 81, 7, 45, 44, 16, 83, 4, 98, 95, 94, 93, 5, 88, 52, 100, 26, 68, 0]
2023-12-09 22:13:29,311 - INFO - Length of Best Tour: = 692
2023-12-09 22:13:29,415 - INFO - Initial Tour: [0, 1, 2, 3, 4, 5, 6, 7, 8, 9, 10, 11, 12, 13, 14, 15, 16, 17, 18, 19, 20, 21, 22, 23, 24, 25, 26, 27, 28, 29, 30, 31, 32, 33, 34, 35, 36, 37, 38, 39, 40, 41, 42, 43, 44, 45, 46, 47, 48, 49, 50, 51, 52, 53, 54, 55, 56, 57, 58, 59, 60, 61, 62, 63, 64, 65, 66, 67, 68, 69, 70, 71, 72, 73, 74, 75, 76, 77, 78, 79, 80, 81, 82, 83, 84, 85, 86, 87, 88, 89, 90, 91, 92, 93, 94, 95, 96, 97, 98, 99, 100, 0]
2023-12-09 22:13:29,415 - INFO - Tour after Removal: [0, 1, 2, 3, 4, 5, 6, 7, 8, 9, 10, 11, 12, 13, 14, 15, 16, 17, 18, 19, 20, 21, 22, 23, 24, 25, 26, 27, 28, 29, 30, 31, 32, 33, 34, 35, 36, 37, 38, 39, 40, 41, 42, 43, 44, 45, 46, 47, 48, 49, 50, 51, 52, 54, 55, 56, 57, 58, 59, 60, 61, 62, 63, 64, 65, 66, 67, 68, 69, 70, 71, 72, 73, 74, 75, 76, 77, 78, 79, 80, 81, 82, 83, 84, 85, 86, 87, 88, 89, 90, 91, 92, 93, 94, 95, 96, 97, 98, 99, 100, 0], Removed Nodes: [53]
2023-12-09 22:13:29,416 - INFO - Tour after Insertion: [0, 1, 2, 53, 3, 4, 5, 6, 7, 8, 9, 10, 11, 12, 13, 14, 15, 16, 17, 18, 19, 20, 21, 22, 23, 24, 25, 26, 27, 28, 29, 30, 31, 32, 33, 34, 35, 36, 37, 38, 39, 40, 41, 42, 43, 44, 45, 46, 47, 48, 49, 50, 51, 52, 54, 55, 56, 57, 58, 59, 60, 61, 62, 63, 64, 65, 66, 67, 68, 69, 70, 71, 72, 73, 74, 75, 76, 77, 78, 79, 80, 81, 82, 83, 84, 85, 86, 87, 88, 89, 90, 91, 92, 93, 94, 95, 96, 97, 98, 99, 100, 0]
2023-12-09 22:13:29,416 - INFO - Length of Current Tour: 2061
2023-12-09 22:13:29,416 - INFO - No improvement in this iteration.
2023-12-09 22:13:29,417 - INFO - Updated score for Minimum_Spanning_Tree_MST_Based_Heuristic: 0.8
2023-12-09 22:13:29,417 - INFO - Updated score for Random_Removal: 0.6000000000000001
2023-12-09 22:13:29,417 - INFO - Updated score for Basic_Insertion: 0.9
2023-12-09 22:13:29,417 - INFO - 
2023-12-09 22:13:29,417 - INFO - Iteration 6: Length of Tour = 2061
2023-12-09 22:13:29,417 - INFO - Best Tour: = [0, 49, 32, 80, 50, 8, 70, 64, 34, 33, 77, 78, 2, 28, 23, 24, 54, 38, 66, 22, 55, 74, 40, 21, 73, 72, 20, 71, 3, 53, 79, 67, 76, 75, 11, 25, 27, 39, 57, 12, 1, 56, 14, 42, 41, 86, 96, 91, 58, 36, 97, 99, 90, 13, 37, 43, 85, 15, 60, 84, 92, 59, 82, 17, 51, 30, 87, 69, 29, 19, 65, 31, 89, 62, 9, 61, 10, 18, 63, 48, 35, 46, 6, 47, 81, 7, 45, 44, 16, 83, 4, 98, 95, 94, 93, 5, 88, 52, 100, 26, 68, 0]
2023-12-09 22:13:29,417 - INFO - Length of Best Tour: = 692
2023-12-09 22:13:29,417 - INFO - Initial Tour: [0, 31, 55, 93, 57, 47, 58, 1, 54, 53, 45, 51, 89, 62, 76, 37, 69, 36, 10, 63, 26, 5, 83, 86, 30, 14, 34, 82, 66, 95, 46, 70, 92, 29, 81, 96, 61, 9, 50, 13, 38, 60, 23, 75, 16, 71, 33, 44, 43, 41, 42, 48, 40, 68, 3, 56, 18, 73, 39, 78, 67, 74, 35, 19, 22, 20, 27, 52, 88, 94, 87, 11, 100, 24, 7, 6, 80, 84, 2, 98, 21, 59, 79, 99, 91, 49, 12, 85, 28, 4, 77, 15, 97, 17, 8, 65, 64, 32, 25, 72, 90, 0]
2023-12-09 22:13:29,417 - INFO - Tour after Removal: [0, 31, 55, 93, 57, 47, 58, 1, 54, 53, 45, 51, 89, 62, 76, 37, 36, 10, 63, 26, 5, 83, 86, 30, 14, 34, 82, 66, 95, 46, 70, 92, 29, 81, 96, 61, 9, 50, 13, 38, 60, 23, 75, 16, 71, 33, 44, 43, 41, 42, 48, 40, 68, 3, 56, 18, 73, 39, 78, 67, 74, 35, 19, 22, 20, 27, 52, 88, 94, 87, 11, 100, 24, 7, 6, 80, 84, 2, 98, 21, 59, 79, 99, 91, 49, 12, 85, 28, 4, 77, 15, 97, 17, 8, 65, 64, 32, 25, 72, 90, 0], Removed Nodes: [69]
2023-12-09 22:13:29,418 - INFO - Tour after Insertion: [0, 69, 31, 55, 93, 57, 47, 58, 1, 54, 53, 45, 51, 89, 62, 76, 37, 36, 10, 63, 26, 5, 83, 86, 30, 14, 34, 82, 66, 95, 46, 70, 92, 29, 81, 96, 61, 9, 50, 13, 38, 60, 23, 75, 16, 71, 33, 44, 43, 41, 42, 48, 40, 68, 3, 56, 18, 73, 39, 78, 67, 74, 35, 19, 22, 20, 27, 52, 88, 94, 87, 11, 100, 24, 7, 6, 80, 84, 2, 98, 21, 59, 79, 99, 91, 49, 12, 85, 28, 4, 77, 15, 97, 17, 8, 65, 64, 32, 25, 72, 90, 0]
2023-12-09 22:13:29,419 - INFO - Length of Current Tour: 3405
2023-12-09 22:13:29,419 - INFO - No improvement in this iteration.
2023-12-09 22:13:29,419 - INFO - Updated score for Randomized_Heuristics: 0.8
2023-12-09 22:13:29,419 - INFO - Updated score for Random_Removal: 0.5000000000000001
2023-12-09 22:13:29,419 - INFO - Updated score for Best_Insertion: 0.9
2023-12-09 22:13:29,419 - INFO - 
2023-12-09 22:13:29,419 - INFO - Iteration 7: Length of Tour = 3405
2023-12-09 22:13:29,419 - INFO - Best Tour: = [0, 49, 32, 80, 50, 8, 70, 64, 34, 33, 77, 78, 2, 28, 23, 24, 54, 38, 66, 22, 55, 74, 40, 21, 73, 72, 20, 71, 3, 53, 79, 67, 76, 75, 11, 25, 27, 39, 57, 12, 1, 56, 14, 42, 41, 86, 96, 91, 58, 36, 97, 99, 90, 13, 37, 43, 85, 15, 60, 84, 92, 59, 82, 17, 51, 30, 87, 69, 29, 19, 65, 31, 89, 62, 9, 61, 10, 18, 63, 48, 35, 46, 6, 47, 81, 7, 45, 44, 16, 83, 4, 98, 95, 94, 93, 5, 88, 52, 100, 26, 68, 0]
2023-12-09 22:13:29,419 - INFO - Length of Best Tour: = 692
2023-12-09 22:13:29,523 - INFO - Initial Tour: [0, 1, 2, 3, 4, 5, 6, 7, 8, 9, 10, 11, 12, 13, 14, 15, 16, 17, 18, 19, 20, 21, 22, 23, 24, 25, 26, 27, 28, 29, 30, 31, 32, 33, 34, 35, 36, 37, 38, 39, 40, 41, 42, 43, 44, 45, 46, 47, 48, 49, 50, 51, 52, 53, 54, 55, 56, 57, 58, 59, 60, 61, 62, 63, 64, 65, 66, 67, 68, 69, 70, 71, 72, 73, 74, 75, 76, 77, 78, 79, 80, 81, 82, 83, 84, 85, 86, 87, 88, 89, 90, 91, 92, 93, 94, 95, 96, 97, 98, 99, 100, 0]
2023-12-09 22:13:29,523 - INFO - Tour after Removal: [0, 1, 2, 3, 4, 5, 6, 7, 8, 9, 10, 11, 12, 13, 14, 15, 16, 17, 18, 19, 20, 21, 22, 23, 24, 25, 26, 27, 28, 29, 30, 31, 32, 33, 34, 35, 36, 37, 38, 39, 40, 41, 42, 43, 44, 45, 46, 47, 48, 49, 50, 51, 52, 53, 54, 55, 56, 57, 58, 59, 60, 61, 62, 63, 64, 65, 66, 67, 68, 69, 70, 71, 72, 74, 75, 76, 77, 78, 79, 80, 81, 82, 83, 84, 85, 86, 87, 88, 89, 90, 91, 92, 93, 94, 95, 96, 97, 98, 99, 100, 0], Removed Nodes: [73]
2023-12-09 22:13:29,524 - INFO - Tour after Insertion: [0, 1, 2, 3, 4, 5, 6, 7, 8, 9, 10, 11, 12, 13, 14, 15, 16, 17, 18, 19, 20, 73, 21, 22, 23, 24, 25, 26, 27, 28, 29, 30, 31, 32, 33, 34, 35, 36, 37, 38, 39, 40, 41, 42, 43, 44, 45, 46, 47, 48, 49, 50, 51, 52, 53, 54, 55, 56, 57, 58, 59, 60, 61, 62, 63, 64, 65, 66, 67, 68, 69, 70, 71, 72, 74, 75, 76, 77, 78, 79, 80, 81, 82, 83, 84, 85, 86, 87, 88, 89, 90, 91, 92, 93, 94, 95, 96, 97, 98, 99, 100, 0]
2023-12-09 22:13:29,525 - INFO - Length of Current Tour: 2062
2023-12-09 22:13:29,525 - INFO - No improvement in this iteration.
2023-12-09 22:13:29,525 - INFO - Updated score for Minimum_Spanning_Tree_MST_Based_Heuristic: 0.7000000000000001
2023-12-09 22:13:29,525 - INFO - Updated score for Random_Removal: 0.40000000000000013
2023-12-09 22:13:29,525 - INFO - Updated score for Cheapest_Insertion: 0.8
2023-12-09 22:13:29,525 - INFO - 
2023-12-09 22:13:29,525 - INFO - Iteration 8: Length of Tour = 2062
2023-12-09 22:13:29,525 - INFO - Best Tour: = [0, 49, 32, 80, 50, 8, 70, 64, 34, 33, 77, 78, 2, 28, 23, 24, 54, 38, 66, 22, 55, 74, 40, 21, 73, 72, 20, 71, 3, 53, 79, 67, 76, 75, 11, 25, 27, 39, 57, 12, 1, 56, 14, 42, 41, 86, 96, 91, 58, 36, 97, 99, 90, 13, 37, 43, 85, 15, 60, 84, 92, 59, 82, 17, 51, 30, 87, 69, 29, 19, 65, 31, 89, 62, 9, 61, 10, 18, 63, 48, 35, 46, 6, 47, 81, 7, 45, 44, 16, 83, 4, 98, 95, 94, 93, 5, 88, 52, 100, 26, 68, 0]
2023-12-09 22:13:29,525 - INFO - Length of Best Tour: = 692
2023-12-09 22:13:29,637 - INFO - Initial Tour: [0, 91, 85, 94, 84, 89, 83, 95, 80, 100, 79, 74, 73, 93, 71, 76, 69, 82, 64, 81, 63, 99, 56, 57, 52, 55, 50, 88, 48, 78, 46, 98, 45, 49, 44, 97, 42, 90, 41, 47, 39, 65, 35, 66, 34, 43, 33, 37, 32, 87, 31, 86, 29, 51, 28, 61, 26, 54, 25, 75, 24, 62, 22, 40, 21, 23, 20, 70, 19, 58, 18, 59, 17, 27, 15, 60, 14, 16, 13, 36, 12, 53, 10, 38, 9, 30, 8, 67, 7, 11, 6, 92, 5, 77, 4, 96, 3, 68, 2, 72, 1, 0]
2023-12-09 22:13:29,637 - INFO - Tour after Removal: [0, 91, 85, 94, 84, 89, 83, 95, 80, 100, 79, 74, 73, 93, 71, 76, 69, 82, 64, 81, 63, 99, 56, 57, 52, 55, 50, 48, 78, 46, 98, 45, 49, 44, 97, 42, 90, 41, 47, 39, 65, 35, 66, 34, 43, 33, 37, 32, 87, 31, 86, 29, 51, 28, 61, 26, 54, 25, 75, 24, 62, 22, 40, 21, 23, 20, 70, 19, 58, 18, 59, 17, 27, 15, 60, 14, 16, 13, 36, 12, 53, 10, 38, 9, 30, 8, 67, 7, 11, 6, 92, 5, 77, 4, 96, 3, 68, 2, 72, 1, 0], Removed Nodes: {88}
2023-12-09 22:13:29,638 - INFO - Tour after Insertion: [0, 91, 85, 94, 84, 89, 83, 95, 80, 100, 79, 74, 73, 93, 71, 76, 69, 82, 64, 81, 63, 99, 56, 57, 52, 55, 50, 48, 78, 46, 98, 45, 49, 44, 97, 42, 90, 41, 47, 88, 39, 65, 35, 66, 34, 43, 33, 37, 32, 87, 31, 86, 29, 51, 28, 61, 26, 54, 25, 75, 24, 62, 22, 40, 21, 23, 20, 70, 19, 58, 18, 59, 17, 27, 15, 60, 14, 16, 13, 36, 12, 53, 10, 38, 9, 30, 8, 67, 7, 11, 6, 92, 5, 77, 4, 96, 3, 68, 2, 72, 1, 0]
2023-12-09 22:13:29,639 - INFO - Length of Current Tour: 3291
2023-12-09 22:13:29,639 - INFO - No improvement in this iteration.
2023-12-09 22:13:29,639 - INFO - Updated score for Christofides_Algorithm: 0.8
2023-12-09 22:13:29,639 - INFO - Updated score for Shaw_Removal: 0.9
2023-12-09 22:13:29,639 - INFO - Updated score for Basic_Insertion: 0.8
2023-12-09 22:13:29,639 - INFO - 
2023-12-09 22:13:29,639 - INFO - Iteration 9: Length of Tour = 3291
2023-12-09 22:13:29,639 - INFO - Best Tour: = [0, 49, 32, 80, 50, 8, 70, 64, 34, 33, 77, 78, 2, 28, 23, 24, 54, 38, 66, 22, 55, 74, 40, 21, 73, 72, 20, 71, 3, 53, 79, 67, 76, 75, 11, 25, 27, 39, 57, 12, 1, 56, 14, 42, 41, 86, 96, 91, 58, 36, 97, 99, 90, 13, 37, 43, 85, 15, 60, 84, 92, 59, 82, 17, 51, 30, 87, 69, 29, 19, 65, 31, 89, 62, 9, 61, 10, 18, 63, 48, 35, 46, 6, 47, 81, 7, 45, 44, 16, 83, 4, 98, 95, 94, 93, 5, 88, 52, 100, 26, 68, 0]
2023-12-09 22:13:29,639 - INFO - Length of Best Tour: = 692
2023-12-09 22:13:30,081 - INFO - Initial Tour: [0, 49, 32, 80, 8, 50, 29, 19, 65, 70, 64, 34, 33, 77, 78, 2, 76, 75, 11, 67, 79, 28, 23, 53, 54, 24, 3, 38, 66, 22, 55, 74, 71, 20, 25, 27, 26, 100, 52, 39, 57, 72, 73, 21, 40, 56, 1, 86, 12, 88, 5, 93, 94, 96, 41, 14, 42, 13, 43, 37, 85, 15, 92, 98, 95, 58, 91, 97, 36, 99, 90, 84, 60, 4, 59, 17, 82, 83, 16, 44, 7, 45, 46, 35, 48, 63, 31, 89, 62, 10, 18, 47, 81, 6, 51, 87, 61, 9, 69, 30, 68, 0]
2023-12-09 22:13:30,082 - INFO - Tour after Removal: [0, 49, 32, 80, 8, 50, 29, 19, 65, 70, 64, 34, 33, 77, 78, 2, 76, 75, 11, 67, 79, 28, 23, 53, 54, 24, 3, 38, 66, 22, 55, 74, 71, 20, 25, 27, 26, 100, 52, 39, 57, 72, 73, 21, 40, 56, 1, 86, 12, 88, 5, 93, 94, 96, 41, 14, 42, 13, 43, 37, 85, 15, 92, 98, 95, 58, 91, 97, 36, 99, 90, 84, 60, 4, 59, 17, 82, 83, 16, 44, 7, 45, 46, 35, 48, 31, 89, 62, 10, 18, 47, 81, 6, 51, 87, 61, 9, 69, 30, 68, 0], Removed Nodes: [63]
2023-12-09 22:13:30,082 - INFO - Tour after Insertion: [0, 49, 32, 80, 8, 50, 29, 19, 65, 70, 64, 34, 33, 77, 78, 2, 76, 75, 11, 67, 79, 28, 23, 53, 54, 24, 3, 38, 66, 22, 55, 74, 71, 20, 25, 27, 26, 100, 52, 39, 57, 72, 73, 21, 40, 56, 1, 86, 12, 88, 5, 93, 94, 96, 41, 14, 42, 13, 43, 37, 85, 15, 92, 98, 95, 58, 91, 97, 36, 99, 90, 84, 60, 4, 59, 17, 82, 83, 16, 44, 7, 45, 46, 35, 48, 31, 89, 62, 10, 18, 47, 81, 6, 51, 87, 61, 9, 69, 63, 30, 68, 0]
2023-12-09 22:13:30,083 - INFO - Length of Current Tour: 733
2023-12-09 22:13:30,083 - INFO - No improvement in this iteration.
2023-12-09 22:13:30,083 - INFO - Updated score for Farthest_Insertion: 0.9
2023-12-09 22:13:30,083 - INFO - Updated score for Worst_Removal: 0.7000000000000001
2023-12-09 22:13:30,083 - INFO - Updated score for Random_Insertion: 0.8
2023-12-09 22:13:30,083 - INFO - 
2023-12-09 22:13:30,083 - INFO - Iteration 10: Length of Tour = 733
2023-12-09 22:13:30,083 - INFO - Best Tour: = [0, 49, 32, 80, 50, 8, 70, 64, 34, 33, 77, 78, 2, 28, 23, 24, 54, 38, 66, 22, 55, 74, 40, 21, 73, 72, 20, 71, 3, 53, 79, 67, 76, 75, 11, 25, 27, 39, 57, 12, 1, 56, 14, 42, 41, 86, 96, 91, 58, 36, 97, 99, 90, 13, 37, 43, 85, 15, 60, 84, 92, 59, 82, 17, 51, 30, 87, 69, 29, 19, 65, 31, 89, 62, 9, 61, 10, 18, 63, 48, 35, 46, 6, 47, 81, 7, 45, 44, 16, 83, 4, 98, 95, 94, 93, 5, 88, 52, 100, 26, 68, 0]
2023-12-09 22:13:30,083 - INFO - Length of Best Tour: = 692
